499.158052 225.624835 499.113437 284.375751 3.780375 0.125000 36.323584 
499.151724 285.624961 499.143058 335.624960 2.501300 0.125000 33.832336 
171.089166 196.976212 170.277119 180.642295 4.435224 0.125000 18.333947 
207.014063 175.166810 202.858251 196.580642 5.457462 0.125000 22.560965 
174.138015 224.529600 171.397920 198.174601 4.117687 0.125000 21.329413 
211.269863 204.335116 213.286575 236.942318 3.807009 0.125000 50.681382 
259.356172 174.496778 250.621700 173.146342 3.896961 0.125000 3.931978 
180.003346 247.049796 173.590852 224.244013 5.189904 0.125000 17.235028 
219.600270 208.083543 226.298624 244.481072 3.944262 0.125000 47.160271 
389.894375 160.683260 391.380060 179.314791 3.738134 0.125000 3.071234 
161.122218 184.217377 166.734017 201.919693 4.010770 0.125000 6.821422 
294.151551 146.531516 307.447983 186.269780 5.147258 0.125000 45.357457 
223.550250 244.554138 216.155694 210.509732 3.874695 0.125000 44.612956 
307.222424 186.258573 303.204351 200.289764 5.150917 0.125000 10.728077 
247.351598 287.670197 236.131768 284.533563 4.867215 0.125000 8.220209 
311.708954 211.843101 310.604172 174.302041 4.666907 0.125000 26.239387 
222.535874 191.792261 220.397435 207.018594 3.539707 0.125000 15.151556 
231.110202 165.801960 222.035514 190.683542 3.854677 0.125000 20.121992 
372.946367 197.432725 379.112494 213.227480 4.458341 0.125000 2.576395 
383.799170 175.833765 395.489168 138.082938 3.951937 0.125000 32.811023 
136.758991 242.044731 110.714692 224.243774 5.368216 0.125000 46.219898 
225.461127 208.251886 229.435003 174.235980 5.465193 0.125000 40.736905 
325.733094 208.146848 331.026638 181.956177 3.675674 0.125000 34.864617 
334.315271 222.979782 337.783611 191.698553 5.380172 0.125000 48.539892 
355.996764 178.202261 350.809267 203.163295 4.593179 0.125000 37.845804 
145.853015 165.779468 134.112242 157.236097 4.593433 0.125000 10.967750 
369.484033 232.970109 383.632552 242.929714 3.483342 0.125000 8.359206 
113.840093 263.149728 95.888800 252.672993 5.490077 0.125000 9.089932 
232.331644 234.245458 227.550763 217.392503 3.965893 0.125000 11.786172 
165.447286 229.063934 150.369582 237.677922 4.340515 0.125000 19.136585 
330.630874 196.875161 329.706822 230.599842 4.364859 0.125000 32.576036 
342.517648 215.468009 352.914080 175.247374 4.733445 0.125000 61.029307 
143.574474 193.433639 124.417218 184.286580 4.562878 0.125000 26.779552 
214.973257 246.665079 208.957760 229.521404 3.662718 0.125000 8.127263 
216.550006 209.525239 220.864568 182.960886 3.269255 0.125000 27.662901 
499.337613 31.874992 499.299146 204.374983 1.282335 0.125000 111.783838 
87.130392 195.693064 96.419883 160.836843 3.620664 0.125000 34.768881 
344.820882 185.444635 340.250339 205.821341 4.206243 0.125000 35.128399 
368.354909 221.601946 390.566934 243.184759 3.585960 0.125000 16.857823 
370.741083 213.027002 391.290314 237.368594 4.204746 0.125000 21.759658 
445.603192 190.624657 445.327553 208.139990 2.617704 0.125000 4.783068 
160.095385 225.371740 166.913105 211.894276 5.577035 0.125000 10.657868 
298.182415 141.846262 305.187985 155.842402 4.473573 0.062500 3.141387 
139.623716 222.703575 118.391796 210.172941 4.747182 0.125000 23.129522 
430.489549 86.150721 440.683231 101.837159 1.944091 0.125000 1.337961 
78.514270 205.751939 79.972444 186.921264 4.406039 0.125000 26.013912 
215.453324 189.037394 211.385978 206.165196 4.803762 0.125000 13.546699 
123.874900 183.243720 120.089687 167.298821 3.709929 0.125000 5.525147 
135.872748 206.454934 123.316876 199.049667 4.445101 0.125000 13.221847 
242.902217 199.161355 239.309754 181.888570 4.131644 0.125000 6.063807 
392.263332 140.767100 383.309884 165.235250 3.406865 0.125000 13.777128 
227.521744 216.964735 226.349079 209.081353 4.209920 0.125000 6.122310 
331.329506 167.983236 323.472725 198.215367 3.677259 0.125000 47.959572 
433.856075 228.668662 443.929221 221.268226 5.304104 0.125000 3.975876 
319.890989 200.233072 328.205993 158.141000 5.389702 0.125000 52.289008 
359.618773 203.012492 362.839979 174.203366 4.568010 0.125000 32.115476 
390.603567 230.643282 373.267544 210.319659 4.503065 0.125000 13.424095 
353.737497 174.773777 369.806789 150.092290 3.726601 0.125000 17.357245 
410.367442 236.171299 433.437090 227.727694 4.265752 0.125000 26.905369 
379.664072 214.032536 398.120355 229.611380 4.539842 0.125000 29.489525 
35.533870 280.422922 51.877676 281.844223 4.385668 0.125000 13.428979 
430.153700 196.911464 421.342336 202.245003 4.305777 0.125000 9.014087 
40.589676 272.120688 49.514624 273.403868 3.186111 0.125000 0.340698 
101.005319 172.996313 98.874486 208.094614 4.309074 0.125000 32.914930 
117.768631 179.655900 129.980010 195.148115 5.324287 0.125000 11.441060 
417.801695 162.206370 400.713607 145.534182 4.560625 0.125000 17.357245 
440.360685 190.252498 430.759800 197.064975 2.531670 0.125000 2.166911 
95.684784 219.342929 102.847314 232.694534 3.143911 0.125000 8.055777 
122.946869 161.935272 125.480699 169.423826 4.718369 0.031250 0.818865 
150.632888 190.657818 142.974452 192.498682 4.277242 0.125000 3.931978 
338.252408 192.417876 345.825183 173.203898 4.549319 0.125000 25.079891 
120.120722 243.624116 98.980603 222.265359 4.387529 0.125000 21.280144 
92.915515 246.025899 109.271720 254.572650 4.531350 0.125000 14.124307 
241.061307 180.921484 246.325758 195.369666 3.523397 0.125000 6.569296 
315.348249 203.050361 312.265614 214.480348 3.159828 0.125000 7.928490 
324.082649 197.949779 322.492685 211.945173 3.161632 0.125000 8.140809 
79.422621 315.307187 90.608769 316.983325 3.893831 0.125000 5.483111 
305.288427 134.554042 322.105318 166.167425 5.071868 0.125000 63.278252 
293.309575 173.297594 295.420638 155.750801 3.872463 0.125000 2.650229 
417.351516 204.578566 393.908929 193.903485 4.347337 0.125000 31.086754 
100.142760 220.807182 97.608162 214.098025 2.936358 0.062500 4.316130 
99.979402 209.170297 105.180069 224.525692 3.952801 0.125000 17.584245 
130.807567 195.249598 147.390789 203.314412 4.557959 0.125000 24.238081 
211.996922 151.884377 212.871727 140.509389 4.122357 0.125000 8.916274 
302.367116 199.533610 288.405491 209.228860 6.702342 0.125000 18.388926 
393.935903 157.051413 401.290646 175.357568 4.629330 0.125000 20.275269 
207.708464 203.779843 214.749964 184.062505 3.699579 0.125000 7.107388 
338.546811 273.352119 344.635260 295.553627 4.180794 0.125000 19.127310 
101.170049 234.788685 93.472326 221.671180 2.530592 0.125000 7.472219 
129.575615 169.297256 122.442163 150.889618 3.758808 0.125000 9.144440 
101.812738 242.269784 89.616106 240.346228 4.483148 0.125000 2.134314 
102.643444 232.292253 119.570951 247.912652 4.309455 0.125000 19.322139 
215.100502 238.909585 220.336762 250.752443 3.165146 0.125000 4.628958 
38.151535 292.010449 51.865001 289.323959 4.400977 0.125000 14.029983 
208.390430 186.983915 223.722155 149.620034 4.478094 0.125000 46.258531 
96.751597 160.796165 102.910070 152.956168 3.088635 0.062500 0.832682 
115.754446 183.125051 115.753479 161.874994 3.750740 0.125000 27.209473 
390.766681 240.496140 371.078654 218.849284 2.769936 0.125000 14.728855 
89.952521 241.315914 79.198683 206.164125 4.977827 0.125000 35.138600 
45.968065 277.234665 36.671710 273.652585 3.499218 0.125000 7.025400 
221.185183 182.140027 230.974326 161.448884 3.025140 0.125000 10.325148 
116.293143 260.002195 100.590857 243.156826 2.991271 0.125000 8.356655 
119.377278 280.602586 101.804696 278.816816 3.351654 0.125000 5.525147 
338.828251 178.745705 331.769326 198.900188 4.545103 0.125000 35.129803 
245.594698 276.407653 263.182853 275.267278 3.222657 0.125000 5.525147 
93.165885 228.092532 113.684747 253.930485 3.368368 0.125000 25.609774 
398.221423 148.034948 419.345022 170.652997 4.688466 0.125000 19.051737 
97.256749 213.190602 95.552194 190.630501 2.587071 0.125000 19.037089 
98.295623 273.473686 109.278262 274.344731 5.577319 0.125000 0.665272 
124.610380 171.521497 148.561560 187.469356 5.555055 0.125000 34.374839 
417.093035 196.642981 392.628683 173.653149 5.717529 0.125000 33.277969 
75.688697 186.515939 71.408744 215.556283 5.167971 0.125000 44.073731 
105.423954 224.737964 123.175915 240.707888 4.926342 0.125000 25.316994 
229.593382 325.306967 241.998079 322.400251 2.795562 0.125000 2.926479 
266.508661 90.689167 264.876839 113.161441 2.131314 0.125000 3.494183 
103.420533 214.379777 103.220357 174.380778 3.906342 0.125000 39.403391 
391.693268 179.581895 414.930321 199.992787 5.152625 0.125000 35.720602 
66.446180 184.055209 59.016948 223.056796 5.321071 0.125000 54.420063 
121.859298 287.233704 104.338154 286.466736 2.880263 0.125000 0.366580 
236.750479 191.036840 244.241865 216.039421 3.713309 0.125000 12.500528 
119.346930 163.103335 119.071185 179.369850 2.022947 0.125000 1.606860 
161.956660 210.725140 148.800515 221.453389 5.887300 0.125000 23.695010 
239.702439 263.511358 251.033821 269.899869 4.772225 0.125000 2.021780 
93.128960 194.374598 95.554458 218.259103 2.487208 0.125000 2.464643 
231.095123 255.276228 223.647533 245.237346 2.752573 0.125000 4.815885 
361.656297 170.502610 357.267709 178.344766 4.363246 0.125000 2.926540 
393.221935 171.872231 392.865123 159.382424 2.606068 0.125000 1.233113 
433.423719 212.276976 443.507193 200.965708 4.260236 0.125000 5.235711 
65.305813 218.064802 71.894653 183.128707 5.306672 0.125000 58.449575 
215.203843 183.492693 223.335020 165.163642 2.285226 0.125000 13.347030 
374.933964 196.794906 378.414685 166.763696 3.400426 0.125000 8.458322 
380.784183 166.836409 379.634282 199.339951 4.599124 0.125000 45.565838 
388.410733 188.494880 384.007563 177.015944 6.906725 0.125000 7.697286 
388.709566 203.510286 412.827746 219.814710 5.629610 0.125000 33.051619 
54.140412 266.297406 39.212935 261.089531 4.062545 0.125000 4.463853 
93.396591 220.730281 91.639429 204.400348 2.619384 0.125000 6.339038 
168.894845 206.911820 168.116569 223.184381 4.223447 0.125000 2.971001 
230.577389 156.852227 215.619979 188.122598 3.138506 0.125000 20.536910 
294.405430 199.385728 301.505968 179.244900 4.164043 0.125000 3.213918 
328.100726 158.772532 316.704856 136.346657 5.005594 0.125000 30.803637 
417.974695 216.123432 430.715095 213.575499 5.393177 0.125000 1.529268 
442.399369 228.289918 419.357974 236.829057 3.475036 0.125000 16.853421 
80.392142 256.468870 64.984794 217.881519 4.639377 0.125000 51.883909 
232.771472 125.002267 222.094852 118.984915 4.157642 0.125000 7.279236 
255.213517 198.443200 243.744805 183.612330 2.874337 0.125000 3.712592 
394.389984 145.625795 393.791299 156.910349 2.202607 0.062500 0.357835 
95.592615 282.490484 121.901321 283.874765 3.284709 0.125000 13.327732 
192.178333 298.045181 186.009676 274.602702 4.135663 0.125000 15.296151 
363.657352 173.344169 372.587328 151.653641 3.535238 0.125000 9.384822 
391.725221 257.714558 375.774710 263.535252 3.745328 0.125000 10.825509 
396.402813 131.946344 398.489762 145.758753 2.471943 0.125000 3.931978 
40.659396 314.927658 56.924191 313.915384 3.349280 0.125000 12.316180 
105.621422 289.440178 121.959429 290.337135 3.401752 0.125000 4.297712 
126.883935 251.821287 140.870706 254.147906 3.906668 0.125000 3.166400 
150.561455 250.569290 167.537354 231.205680 3.991536 0.125000 26.072296 
293.420165 159.095018 285.108227 172.335303 3.964152 0.125000 2.021780 
415.137883 174.465715 406.735987 168.936733 3.819715 0.125000 5.700603 
416.283028 191.049292 432.343591 179.535056 4.216762 0.125000 0.820120 
40.632783 299.515797 51.779625 298.899624 3.048125 0.062500 2.958582 
84.897109 185.622491 85.053317 218.133753 3.846050 0.125000 21.559706 
222.607928 136.695832 209.264962 175.203133 5.040334 0.125000 76.103100 
351.150749 159.034040 364.242871 131.224328 5.258091 0.125000 38.092378 
375.255657 266.839090 393.080320 261.719442 3.770471 0.125000 5.779495 
125.131259 256.201576 100.827023 235.389083 4.741866 0.125000 21.447029 
112.730901 164.340686 109.795579 198.052782 4.169576 0.125000 50.646196 
269.908282 199.998775 247.826025 181.193940 5.323396 0.125000 31.252777 
331.721360 182.606978 345.400378 145.542102 4.942098 0.125000 56.307245 
370.700102 151.915417 361.151581 169.658384 2.961829 0.125000 4.735424 
443.600119 214.095577 426.521327 222.456024 5.684080 0.125000 17.872873 
203.980713 196.655597 200.779643 220.645635 5.123259 0.125000 12.954064 
80.819958 186.947468 90.198626 161.716511 3.950544 0.125000 23.980182 
233.693526 253.478197 252.115628 261.308912 4.745746 0.125000 10.531394 
94.386320 157.755043 85.238673 188.382953 3.593161 0.125000 38.766421 
356.116081 163.383891 344.415467 185.578369 4.783733 0.125000 22.560965 
405.874615 222.727891 387.366068 211.093767 5.321774 0.125000 30.416385 
401.724922 175.712469 415.880139 189.105338 4.539979 0.125000 29.845849 
460.412207 226.586918 477.497056 213.967149 4.501706 0.125000 8.203764 
396.010779 194.201274 388.860137 188.459484 4.090713 0.125000 7.025400 
98.701528 259.152849 117.248355 271.305188 4.831387 0.125000 12.917744 
113.929282 147.895546 101.645552 171.756881 2.959336 0.125000 8.346771 
149.308528 172.417595 146.303187 165.125875 4.419714 0.062500 0.805507 
304.976205 257.536085 312.876316 250.351547 2.822799 0.125000 0.390287 
436.861570 263.155267 427.697287 259.088937 2.534886 0.062500 0.357835 
24.319350 231.833655 35.418072 242.098733 3.343023 0.125000 0.366580 
119.249357 219.368086 141.686198 239.438691 4.902091 0.125000 41.596291 
149.424922 207.724106 136.809236 206.153106 3.871035 0.125000 7.208524 
250.562995 282.089827 263.167518 281.334834 2.943963 0.125000 8.359006 
59.405439 224.364995 70.757571 258.903136 6.244995 0.125000 46.652477 
121.828178 203.208336 143.317698 215.282024 5.033031 0.125000 23.811509 
220.284353 165.484322 210.007285 190.369901 2.436865 0.125000 18.456039 
53.744037 233.115225 54.247391 200.623023 5.309194 0.125000 42.318774 
108.779466 197.111825 117.700037 219.543994 5.834715 0.125000 28.194217 
129.788023 156.345885 140.760275 169.085109 5.523836 0.125000 9.946796 
307.900431 174.009421 303.128297 160.623825 3.450362 0.125000 4.111828 
304.985499 310.489207 300.198224 333.034378 3.040204 0.125000 12.606613 
375.276859 258.388904 385.738168 254.695546 4.021950 0.125000 3.131563 
434.131034 269.767041 425.580699 264.446189 3.703025 0.125000 1.337961 
53.709943 292.313780 39.499937 297.235703 4.407889 0.125000 7.335647 
153.785624 180.127793 135.175828 174.651358 4.937124 0.125000 14.798551 
223.192868 164.429063 238.153801 145.647942 2.949774 0.125000 7.044458 
338.648074 150.375570 331.850003 170.187510 5.471224 0.125000 22.123658 
96.619323 324.982883 80.578316 318.235993 3.822624 0.125000 15.721280 
110.522834 307.525411 121.885180 309.310193 2.663687 0.125000 0.340698 
123.277852 137.196654 128.735514 155.812480 4.094722 0.125000 5.478644 
398.983335 159.506126 395.594908 149.385074 3.556005 0.125000 2.926540 
56.982097 308.790341 46.646277 310.454060 4.099644 0.125000 3.131563 
308.368066 230.852869 318.620006 219.917210 4.445626 0.125000 4.737571 
245.222971 180.921198 255.307488 194.608929 3.284002 0.125000 3.949104 
432.174251 122.932245 436.167671 103.235021 2.681739 0.125000 2.387543 
145.191202 233.660880 159.834397 224.765752 6.679451 0.125000 12.380775 
179.572257 283.167986 172.414304 316.014922 5.213613 0.125000 42.269373 
373.209986 155.278413 363.754427 187.062252 3.336694 0.125000 22.123658 
235.757635 291.118712 250.948086 293.782761 4.708912 0.125000 9.718765 
320.898027 169.263649 319.178262 184.352577 5.250942 0.125000 5.066021 
173.445145 314.288996 180.213909 339.485435 4.793067 0.125000 36.237887 
256.622604 209.444522 243.784190 198.594972 3.818944 0.125000 17.792469 
291.644267 316.292137 280.823913 312.549866 3.224205 0.125000 0.510068 
344.726266 144.576174 342.268564 133.596507 4.606212 0.125000 12.516487 
371.631435 166.777935 380.568413 144.352449 2.793731 0.125000 8.127263 
408.157445 169.215891 399.420388 159.464373 6.226317 0.125000 11.741377 
123.168701 306.561281 109.509627 304.658555 2.476091 0.125000 2.062633 
245.063598 171.139135 260.621919 188.127821 3.920196 0.125000 11.461770 
394.419083 272.010606 382.011261 276.044159 2.495990 0.125000 0.390287 
410.490100 108.969798 404.865100 110.842480 4.680003 0.031250 0.588166 
48.238173 247.165987 42.371932 224.247803 4.000623 0.125000 32.240620 
270.338316 97.013809 264.248438 84.436280 2.794858 0.125000 2.168978 
313.477430 181.842110 315.349380 201.900722 2.057644 0.125000 7.196613 
463.275285 354.478126 465.126747 329.338305 2.821776 0.125000 15.745303 
80.815674 174.440218 76.847055 186.042992 3.579080 0.125000 10.134310 
201.652175 221.616224 206.392356 240.431680 3.340364 0.125000 7.335647 
223.025937 148.967897 229.561986 127.308635 4.199020 0.125000 33.114818 
317.373498 221.964843 316.917982 211.816961 7.548509 0.125000 9.114198 
364.001714 188.038898 365.484678 203.138781 3.343255 0.125000 8.115705 
451.135666 281.001182 441.191360 260.964290 6.170704 0.125000 19.051737 
38.975772 229.514898 48.261994 256.015022 4.184337 0.125000 25.316994 
104.808246 174.021088 115.053446 150.377337 4.128904 0.125000 17.098492 
141.913199 248.086218 136.241161 242.499436 4.412598 0.125000 3.792023 
264.288319 283.723664 249.549356 285.685146 2.643049 0.125000 4.659123 
439.054156 262.170774 431.614469 285.542066 4.710804 0.125000 14.264735 
240.755565 213.483237 234.369213 193.526872 3.047894 0.125000 2.333599 
278.799755 249.608197 276.094409 242.934708 3.256089 0.125000 0.703770 
405.009556 255.285175 412.580241 241.574205 5.813825 0.125000 10.702835 
43.103398 252.301021 35.819521 230.559830 3.579835 0.125000 11.971515 
41.810876 304.914941 54.429799 306.413572 3.514458 0.125000 4.678424 
398.452058 229.897772 410.719512 235.414848 3.703528 0.125000 5.519712 
118.597977 209.256845 113.601542 189.255955 5.155719 0.125000 22.531709 
344.915792 167.239643 350.345713 159.186684 2.771643 0.125000 0.406146 
495.606458 331.882374 484.027728 302.766011 2.574295 0.125000 14.550628 
393.305635 264.791921 378.396426 271.251476 3.631665 0.125000 5.304961 
53.308608 284.122317 35.714552 287.361426 4.366994 0.125000 10.728077 
72.229961 214.634496 83.897043 254.875981 6.734350 0.125000 62.552647 
101.662704 157.692456 93.718169 184.550458 3.511375 0.125000 19.127310 
334.311714 138.146800 338.306330 149.743127 4.399258 0.125000 5.747460 
354.549334 142.603740 337.738876 177.293628 5.173781 0.125000 41.246007 
379.207833 273.853879 394.262584 269.024558 3.233773 0.125000 1.124446 
42.150872 223.181867 48.686654 191.475440 4.821942 0.125000 32.811023 
280.005784 38.988818 285.866609 41.248293 3.948627 0.125000 1.606860 
41.717309 179.414208 35.061114 152.643608 4.563864 0.125000 36.320114 
66.194496 257.871220 54.828716 232.365787 5.075855 0.125000 44.628637 
150.004466 237.217272 144.142216 247.998423 3.294466 0.125000 6.397510 
365.435316 129.747610 352.981140 123.407596 3.908976 0.125000 0.665272 
401.076959 144.284419 394.814368 113.036942 2.694325 0.125000 10.918347 
135.176839 173.466879 130.506692 169.343304 3.748052 0.125000 0.703770 
175.570511 126.186438 199.467615 124.295344 5.280248 0.125000 15.924771 
230.767398 149.852296 220.632275 164.380075 3.290253 0.125000 8.359206 
232.032100 220.524540 239.314914 231.913423 3.073351 0.062500 4.057572 
243.608747 38.551716 250.401506 50.749461 3.884401 0.125000 3.712592 
357.466594 128.896287 354.146667 142.131280 5.458014 0.125000 12.758467 
420.782978 298.074077 417.144989 286.787971 1.995941 0.125000 1.606860 
50.093204 261.041594 41.911026 250.596778 3.509735 0.125000 1.104880 
247.180894 195.224597 254.949816 203.857726 3.716662 0.125000 9.014087 
447.025569 137.535099 439.395677 153.723879 4.054814 0.125000 6.542609 
55.076943 206.207637 66.225638 176.170037 4.651521 0.125000 47.189920 
418.098053 113.146457 410.923978 104.136931 2.109366 0.031250 0.588166 
96.369131 235.993888 90.033834 227.306089 2.482983 0.062500 2.235044 
111.324192 223.425534 105.447056 212.654120 4.987874 0.125000 9.179125 
410.973842 256.493303 399.125302 261.253477 3.945671 0.125000 3.494183 
420.300907 199.075256 431.095354 187.403930 3.235678 0.125000 11.911663 
476.851528 205.640779 498.072848 226.926993 8.868511 0.125000 45.987214 
47.483585 209.317933 50.791400 244.593821 5.717528 0.125000 48.525227 
245.773517 312.975700 233.000084 314.699214 2.811843 0.125000 0.677209 
27.795915 160.776204 35.960267 178.545292 5.065252 0.125000 14.524306 
39.467378 211.865004 39.588511 228.132718 2.602314 0.125000 11.540850 
137.882957 325.063232 150.498420 326.638630 2.631413 0.125000 1.200644 
249.871380 299.594239 241.828696 295.721152 3.879471 0.125000 2.926479 
383.834175 247.744551 368.753270 238.364852 3.727975 0.125000 1.199262 
213.813399 254.412590 211.499613 296.786247 4.677206 0.125000 41.760968 
268.449936 49.560646 273.987698 39.867885 3.876143 0.125000 3.839419 
35.359201 229.352619 39.479259 180.423268 4.353063 0.125000 50.321743 
116.859578 274.407847 100.178576 266.575813 4.387998 0.125000 13.924343 
161.980676 116.582419 157.745123 96.956985 2.900733 0.125000 0.971274 
177.007867 240.726695 166.854533 239.551886 4.156171 0.125000 8.140809 
219.330719 115.610076 235.604616 116.193539 3.881953 0.125000 9.879872 
133.646221 156.645052 113.307840 110.544336 3.296535 0.125000 32.776533 
349.794606 203.017381 361.773114 249.721725 4.749160 0.125000 41.143731 
228.455295 56.731810 231.145003 39.455960 3.320764 0.125000 3.949104 
450.967884 218.340359 463.611979 207.254711 5.986990 0.125000 10.830701 
459.947086 221.151125 452.232802 247.867379 4.270842 0.125000 18.928508 
276.612818 93.626044 267.400930 81.476244 1.914135 0.125000 0.406146 
313.070503 214.318572 297.813951 229.052928 3.750426 0.125000 18.281147 
344.390159 280.629326 344.471392 256.871056 3.814086 0.125000 37.815447 
370.571884 191.866825 374.041534 169.323676 2.566505 0.125000 7.541631 
379.134301 165.516433 390.406094 140.526262 2.502018 0.125000 13.309837 
450.448436 210.370742 446.114862 234.685097 4.130485 0.125000 1.166968 
51.427387 245.025751 62.646891 260.048526 4.982228 0.125000 19.595298 
117.016149 163.144464 120.130983 140.556875 2.945875 0.125000 7.335647 
380.779027 192.324432 388.438492 202.897905 5.133197 0.125000 14.061513 
442.977284 224.063269 445.161119 214.271541 5.696402 0.125000 2.171575 
79.729002 162.070500 67.341157 184.501795 4.344419 0.125000 22.123658 
71.117901 188.546618 80.144235 166.676576 4.291981 0.125000 31.961457 
150.648357 316.624020 138.140358 315.459976 2.373414 0.125000 2.166911 
155.606612 296.567909 168.119629 296.420142 3.838300 0.125000 6.363126 
241.368416 151.088518 249.779729 137.597976 3.968111 0.125000 2.021780 
431.481118 276.207895 421.716476 269.609595 2.510298 0.125000 0.406146 
95.198004 190.153388 104.634993 156.596586 3.045630 0.125000 15.335790 
410.782420 103.207690 419.364526 86.869498 1.588241 0.125000 0.406146 
442.459437 99.830104 434.429935 88.087436 1.790396 0.125000 0.406146 
255.566534 204.534907 275.627021 211.869473 3.837489 0.125000 17.677592 
408.129183 238.117282 391.379811 229.038578 3.707739 0.125000 10.325148 
481.751157 304.426227 491.600904 328.238378 2.709158 0.125000 11.134066 
160.661912 281.565999 174.365684 283.202990 3.575262 0.125000 10.763548 
451.548892 308.224685 450.746504 295.538255 3.742522 0.125000 13.690812 
463.404512 199.817792 449.622770 208.517508 5.674868 0.125000 8.306653 
28.043744 208.647496 21.812000 198.636132 4.364027 0.125000 0.366580 
149.367504 323.182073 136.918096 321.546891 2.478710 0.125000 2.166911 
240.495047 307.690993 226.502438 311.880747 2.638560 0.062500 2.432279 
277.817700 215.402177 256.597176 209.053653 3.725362 0.125000 20.827826 
353.175608 334.371023 354.858398 355.783483 3.150865 0.125000 2.650229 
430.914803 293.091954 429.879115 323.185369 4.220718 0.125000 23.528869 
229.645531 185.611811 231.350830 220.589613 3.562942 0.125000 24.138157 
312.420033 265.837804 304.228546 286.817818 3.493181 0.125000 12.321662 
386.904414 210.889584 382.357462 207.225246 7.030570 0.062500 2.532748 
65.503517 141.847128 59.951869 166.044148 4.973596 0.125000 23.811509 
116.408335 189.604936 122.829315 202.636592 3.396482 0.125000 0.366580 
317.803653 210.684607 317.137176 193.115055 2.735118 0.125000 9.014087 
241.173731 152.243817 232.085009 165.766152 2.108869 0.125000 0.390287 
37.074697 256.413839 47.318898 260.849906 3.630662 0.125000 0.677209 
48.920145 190.876839 54.187454 148.101906 5.304979 0.125000 53.064416 
117.867342 148.049367 112.642110 165.850177 2.959740 0.125000 3.166400 
226.860959 314.320849 248.290725 308.764125 3.361213 0.125000 6.821422 
336.780584 128.063087 343.133613 121.883856 4.455762 0.125000 0.079266 
176.828809 278.779644 153.108702 277.105978 3.828680 0.125000 12.462902 
235.683942 299.165440 246.760819 302.280959 3.271482 0.125000 1.337961 
54.551856 256.764303 48.857443 247.666553 3.178687 0.125000 4.815885 
165.738634 291.323885 156.619975 292.806515 3.300180 0.125000 3.048958 
297.010694 225.737270 310.177553 209.823228 5.016161 0.125000 20.121992 
427.657889 93.099225 428.358109 114.367325 1.537248 0.125000 2.509950 
416.772865 86.818105 407.496188 103.471039 2.433233 0.125000 3.131563 
287.575790 40.674728 289.259697 59.272259 4.303311 0.125000 5.907824 
370.532071 139.299339 349.208576 165.489501 3.946105 0.125000 27.177474 
27.433703 184.488598 24.935032 169.282973 6.369976 0.125000 3.264759 
223.686700 124.627369 222.663308 137.043013 7.782709 0.125000 4.595424 
232.255972 40.792245 240.729678 38.514412 3.945935 0.125000 3.931978 
423.129476 355.624878 422.653053 338.103844 2.838844 0.125000 1.124446 
24.808865 187.959738 29.600441 200.539128 5.284173 0.125000 4.119770 
126.128934 132.858189 132.940210 145.722838 2.794327 0.125000 4.628958 
152.094001 367.918626 149.634697 350.412909 4.756931 0.125000 11.187587 
246.963369 337.021695 237.780651 342.553372 2.799323 0.125000 0.340698 
211.536930 301.192703 200.018100 306.900147 2.835494 0.125000 5.700603 
65.775347 159.655406 69.096566 143.069246 4.167864 0.125000 19.197664 
185.634996 255.488366 165.650514 254.026264 3.922421 0.125000 23.528621 
240.457169 220.949082 265.785222 234.065611 3.865131 0.125000 10.216013 
35.742552 178.294873 32.748379 224.431680 4.308791 0.125000 33.573908 
135.889488 278.060839 132.886772 265.682790 2.724621 0.125000 1.233113 
262.935375 51.541504 265.419405 59.439661 5.077345 0.062500 1.075763 
349.743449 298.923014 344.795523 281.205738 4.956693 0.125000 7.886107 
438.413662 205.902663 435.555264 196.006179 3.763070 0.125000 1.337961 
459.456587 318.051361 451.176318 308.877390 6.224288 0.125000 0.795290 
268.289035 301.872647 253.059260 303.874986 2.740353 0.125000 0.316428 
447.197090 200.628802 461.431784 190.029754 4.991296 0.125000 13.546699 
184.905078 275.874999 180.592080 285.019941 3.180490 0.125000 0.390287 
124.434752 350.410186 115.990407 348.061328 3.123476 0.125000 0.406146 
163.168776 260.187659 184.579617 262.330773 4.850643 0.125000 31.026841 
58.188141 181.904524 67.176584 162.681532 3.396986 0.125000 13.428979 
231.845641 317.347476 246.871417 316.780108 2.875547 0.125000 8.055725 
139.933919 268.370228 136.770903 275.579327 3.311235 0.125000 0.406146 
237.945153 339.165580 247.305873 331.126724 3.446936 0.125000 1.491952 
461.781528 339.367803 460.913113 350.647182 1.917999 0.125000 1.606860 
146.897284 260.645308 138.059099 270.343297 6.631045 0.125000 7.999819 
252.889299 232.198546 237.735755 221.159317 2.843611 0.125000 2.387543 
318.390921 184.354072 319.571870 199.359506 1.834587 0.125000 3.413040 
120.408026 247.178451 127.500729 252.249879 3.635211 0.125000 3.048958 
251.799091 250.685335 235.156743 229.747187 2.760154 0.125000 8.598767 
354.174251 121.427221 387.113956 129.670099 4.245889 0.125000 48.876014 
467.108832 212.097704 459.201442 220.400214 4.310413 0.125000 0.316428 
73.129158 133.084231 100.598365 135.886127 4.999078 0.125000 21.103071 
66.616678 171.720905 54.536720 191.971470 3.860900 0.125000 15.926361 
101.670139 299.079774 86.304710 295.782886 5.413208 0.125000 6.214503 
150.060971 258.902841 162.673262 247.780171 2.571406 0.125000 0.878329 
62.151571 316.828785 60.784065 345.632552 4.220013 0.125000 26.312673 
231.131301 284.832944 236.942859 262.544553 4.942196 0.125000 11.656130 
66.949465 175.680220 79.159397 159.215116 3.531118 0.125000 9.144440 
163.087999 272.771255 181.857614 273.546135 4.995745 0.125000 23.420555 
419.090311 154.318025 421.640004 141.577809 5.638675 0.125000 1.492369 
426.394401 241.101112 437.874556 233.971721 3.956735 0.125000 6.569296 
162.551019 103.151516 161.816700 121.872713 1.542993 0.125000 4.316130 
252.010423 78.231900 239.788594 93.714759 2.323493 0.125000 0.316428 
61.565176 167.990457 57.118312 178.230659 3.937575 0.125000 0.316428 
125.663604 330.309589 113.046623 328.765376 2.177770 0.125000 0.340698 
150.358752 201.697272 154.786019 195.064955 9.013877 0.125000 1.862198 
276.763863 233.702443 284.749438 228.725831 3.952066 0.125000 0.510068 
430.447345 184.254084 418.948078 195.175489 3.579907 0.125000 5.914077 
237.093951 137.060400 226.231517 149.888577 3.892655 0.125000 7.912878 
255.336958 63.291943 258.184247 46.885282 5.995045 0.125000 8.129788 
436.361827 86.408615 446.923339 103.094403 1.835571 0.125000 2.926479 
44.635465 191.642206 39.636231 212.892386 4.365590 0.125000 32.240620 
285.344917 228.566428 295.819998 224.937940 2.192705 0.125000 0.703770 
48.881257 156.808927 43.983642 193.407181 5.209051 0.125000 67.498445 
175.578364 137.791070 184.357558 137.532585 3.932314 0.062500 2.436028 
243.726492 246.283480 255.061664 257.446998 3.454510 0.125000 1.897515 
452.721653 287.652637 450.905940 279.593323 4.328279 0.125000 2.078606 
247.580114 219.914864 241.308016 213.687120 2.673588 0.125000 0.703770 
294.096181 240.212563 307.593121 231.088232 2.493889 0.125000 7.268590 
95.511146 315.870710 80.778372 309.044005 3.844916 0.125000 6.546981 
173.100066 286.192487 159.321744 285.587110 2.826799 0.125000 3.776716 
70.334008 276.816259 69.854586 289.393281 6.483534 0.125000 10.423181 
169.365348 234.430925 174.639716 235.341248 4.333161 0.031250 1.106922 
188.365159 131.160193 175.757018 132.856344 4.455384 0.125000 9.049009 
278.179777 206.788549 269.437437 201.249264 4.029445 0.062500 1.496367 
159.340861 288.408265 170.726780 289.780478 2.631605 0.125000 1.200644 
339.498323 249.369724 340.677160 276.926242 5.102281 0.125000 35.343330 
451.473588 294.513204 452.529780 288.028060 4.304030 0.062500 2.612933 
461.803136 326.682752 462.703880 338.059373 2.352702 0.062500 0.357835 
302.946071 300.523204 304.016909 311.790231 4.267954 0.062500 3.724253 
307.224051 150.347296 295.070684 135.071516 3.512846 0.125000 5.019967 
184.362638 267.067240 164.364949 265.781296 4.588619 0.125000 20.275269 
468.901233 332.702638 463.560835 322.887854 3.794510 0.125000 0.878329 
54.251092 192.220197 48.782363 210.060151 4.606180 0.125000 29.845849 
153.158604 121.866946 148.637257 103.002226 1.607348 0.125000 2.062633 
366.422033 369.339301 365.975031 359.359322 1.584336 0.062500 0.787727 
80.748438 167.136163 92.461053 153.792222 2.703473 0.125000 1.897515 
96.530799 268.569790 80.922140 256.491024 3.154328 0.125000 7.114044 
89.950916 157.802058 81.498624 175.444685 2.841846 0.125000 5.914077 
152.905626 56.896556 154.620735 74.350853 4.832184 0.125000 9.384822 
370.303765 147.856444 357.265899 163.451796 1.760757 0.125000 3.792023 
418.103289 313.162113 404.590266 305.257023 2.170239 0.125000 2.062633 
100.528737 137.080232 109.623158 141.345931 2.864268 0.125000 3.413040 
161.834340 244.321466 145.317768 256.866256 3.578841 0.125000 4.431115 
378.093230 163.117752 372.966381 185.588810 2.052824 0.125000 3.298401 
391.525615 61.858511 392.234753 46.832984 3.086509 0.125000 5.104409 
66.834204 288.327348 62.221521 315.892161 9.867838 0.125000 61.257775 
77.783877 267.195835 66.265066 254.948660 2.785786 0.125000 4.783068 
451.250254 182.543073 444.648920 189.630146 3.072602 0.125000 1.285935 
204.910798 138.077924 205.175096 148.103908 5.162965 0.125000 3.494183 
424.353707 115.628710 420.438753 93.157448 2.089627 0.125000 5.519712 
158.614716 355.604078 159.203355 369.382333 2.604430 0.125000 2.078606 
163.036873 374.528766 160.736022 354.505881 3.339855 0.125000 14.061513 
84.519465 255.441077 97.107726 265.328710 4.142961 0.125000 7.335647 
212.108382 134.312146 207.919104 118.757151 4.316345 0.125000 1.529268 
263.875512 111.859773 263.393351 88.094195 2.398065 0.125000 1.715591 
91.966073 136.709955 100.978874 145.251606 3.391975 0.125000 3.839419 
274.960610 260.457673 278.217004 247.527797 4.866538 0.125000 2.764890 
44.605460 148.790077 48.360503 158.294215 5.568844 0.125000 5.304961 
123.228786 276.868872 125.223401 310.648713 3.665047 0.125000 21.728921 
298.264034 227.347558 285.744457 231.031017 1.985440 0.062500 0.357835 
109.193711 255.781223 119.636539 267.899623 2.286622 0.125000 7.025400 
239.971377 180.746654 243.598312 162.966564 2.248565 0.125000 5.483111 
32.651995 189.742330 28.819072 184.806727 3.728473 0.125000 0.703770 
50.628589 351.873077 41.913381 335.604439 2.872663 0.125000 3.712592 
44.298652 334.417440 51.082272 346.620811 2.914521 0.125000 0.079266 
140.380225 286.862726 139.564302 303.134492 3.807895 0.125000 4.463853 
164.417408 248.761689 182.006178 249.977884 4.643183 0.125000 14.728855 
261.759913 185.937070 259.401127 175.619027 4.491410 0.125000 4.111828 
474.878191 334.263735 477.951658 348.163329 2.710916 0.125000 5.527655 
366.149314 187.933585 371.406814 168.001506 1.713126 0.125000 3.792023 
298.744287 175.749294 289.550724 188.254192 5.835610 0.125000 2.555903 
316.901712 281.888380 316.981248 266.868943 6.316106 0.125000 22.872216 
421.159938 38.309040 425.918907 56.799355 5.465325 0.125000 5.629448 
141.016136 75.581232 139.619238 63.097670 4.690975 0.125000 1.715591 
83.501919 294.572767 85.952305 274.414787 4.209270 0.125000 20.159257 
350.629507 166.879199 363.876033 152.660160 2.180830 0.125000 4.659123 
385.100679 341.622625 386.574902 353.163335 3.094774 0.125000 0.510068 
284.196828 99.086317 286.721780 119.394051 4.043015 0.125000 11.433860 
248.785407 49.220207 252.035726 63.087327 2.303557 0.125000 1.200644 
455.238525 52.608155 448.761685 71.279467 4.048596 0.125000 5.907824 
100.751185 309.200626 98.579694 323.195552 2.768499 0.125000 0.079266 
206.817449 144.899076 209.580446 151.792656 4.410909 0.125000 0.390287 
305.107127 286.792432 303.101607 299.371270 2.631056 0.125000 1.233113 
21.674902 198.152025 21.511022 189.358488 2.639315 0.125000 0.703770 
74.861341 160.057120 66.957259 170.686170 3.009176 0.125000 0.677209 
385.616758 353.515757 381.454504 366.742678 2.693204 0.125000 0.510068 
404.792631 102.120453 416.417616 82.340841 3.289774 0.125000 12.124762 
34.473319 153.087787 45.098222 141.275525 4.179696 0.125000 14.870382 
172.828094 355.551474 168.019765 374.968041 4.252446 0.125000 6.112506 
190.252664 334.390641 190.107827 319.367935 5.035921 0.125000 12.321662 
211.905587 316.871744 214.184570 338.278351 5.685562 0.125000 23.576301 
234.877587 172.861800 230.547652 185.157577 3.470544 0.125000 5.519712 
278.500976 64.614104 274.422086 49.704078 2.810589 0.125000 0.878329 
327.282675 318.223049 326.806870 308.069616 3.803032 0.125000 0.677209 
390.744109 374.357203 387.766471 354.428570 3.154674 0.125000 2.764890 
153.402734 209.768149 159.308748 203.066613 2.924694 0.125000 0.406146 
488.096440 338.120761 484.748365 360.680411 2.520975 0.125000 2.171575 
415.172158 61.781673 419.227913 42.102301 7.420202 0.125000 26.383946 
430.527881 113.127927 429.962142 94.357304 1.663664 0.125000 1.233113 
496.449647 340.422896 499.841033 354.260785 4.237300 0.125000 0.549990 
237.650830 223.518142 251.236767 239.904170 2.911149 0.125000 9.179125 
32.903794 225.432512 35.516248 239.395348 2.687245 0.125000 0.677209 
56.541485 177.429234 49.332838 189.349503 2.583871 0.125000 0.510068 
180.743146 339.685386 186.113158 354.648414 6.214683 0.125000 7.039551 
53.178468 137.081716 62.288915 134.725269 5.153712 0.125000 6.363126 
276.880552 175.330956 260.589157 175.023361 3.985301 0.125000 7.571736 
348.006158 344.088912 342.804513 323.522201 2.786713 0.125000 7.393594 
316.531384 265.645133 316.357303 251.865749 5.015392 0.125000 6.542609 
136.426643 306.841946 135.909984 294.311708 2.600872 0.125000 3.048958 
315.806652 365.582824 310.043348 340.760047 3.479234 0.125000 11.689302 
205.645152 121.036697 191.866979 121.711133 2.985920 0.125000 0.510068 
433.451633 341.839139 432.817708 358.161612 2.934710 0.125000 2.654077 
304.967913 245.181493 313.111640 233.115982 6.967345 0.125000 9.248642 
380.350783 152.319317 373.363476 167.664408 3.514447 0.125000 0.549990 
318.717045 305.864181 320.587881 281.678744 8.145513 0.125000 34.612690 
418.897042 95.714006 422.130472 113.077426 1.542380 0.125000 1.606860 
331.043429 338.448813 329.187033 326.515336 4.940578 0.125000 9.179125 
119.337499 113.139393 126.572787 131.990990 4.396793 0.125000 4.256116 
148.259300 80.404660 144.510631 56.853411 5.582831 0.125000 11.141166 
421.553200 246.700220 414.602127 259.498360 2.888233 0.125000 5.527655 
233.448827 263.545421 219.399836 258.061375 3.692470 0.125000 4.507125 
342.774821 331.674837 344.307033 348.131328 4.399056 0.125000 9.934957 
270.285970 295.555178 271.443535 310.658070 2.249794 0.125000 0.510068 
327.300236 325.893970 328.631214 317.604189 6.765441 0.125000 2.171575 
170.037620 83.035703 172.089903 98.264493 3.813164 0.125000 0.149905 
256.120300 194.670345 265.532355 199.553566 2.836550 0.062500 0.256875 
366.714020 330.410448 363.632173 314.767613 5.147323 0.125000 6.651914 
415.414239 241.835629 413.031485 254.591035 2.457490 0.125000 2.062633 
35.232585 250.996621 40.683904 256.752978 4.489924 0.125000 2.926479 
447.174391 123.070750 446.388193 136.847219 3.743908 0.125000 1.124446 
30.140388 224.360030 30.758801 204.340520 2.537403 0.125000 4.297712 
398.542301 293.035972 401.565714 307.207661 2.863210 0.125000 0.079266 
397.408592 73.444771 392.648268 62.779849 3.179422 0.125000 1.337961 
360.862505 311.124005 355.079948 328.361485 4.732802 0.125000 19.330569 
115.692706 133.124667 115.618829 118.118876 3.793032 0.125000 18.145238 
431.997777 109.370386 431.905656 131.875125 1.336974 0.125000 3.413040 
186.439495 309.678331 190.471302 298.852241 7.165766 0.125000 8.622495 
187.985369 343.230609 188.787723 334.794702 5.800410 0.125000 1.351067 
236.908135 128.017225 236.573947 135.666459 5.213472 0.125000 1.104880 
348.446519 351.863245 348.995880 366.888861 3.031153 0.125000 0.677209 
286.287448 118.238224 286.824554 126.955129 4.281026 0.125000 1.337961 
335.832612 335.578326 340.353144 355.686117 2.590438 0.125000 9.755401 
85.657534 266.802419 95.850697 271.371492 4.562593 0.125000 0.842421 
464.425711 270.598870 472.878040 287.002253 1.853500 0.125000 1.233113 
373.196883 359.382637 374.524082 346.890839 2.125136 0.125000 2.509950 
289.335318 128.844953 311.904548 130.088915 3.046552 0.125000 23.500331 
208.883090 276.870275 208.719484 250.621295 5.085603 0.125000 28.314035 
67.022460 264.062787 74.602672 267.642955 4.338767 0.125000 0.510068 
126.814897 341.190099 113.087237 339.730056 2.485979 0.125000 1.233113 
238.831876 174.328310 237.426829 190.672439 2.062560 0.125000 2.078606 
126.711364 115.660973 131.135841 135.787492 1.783864 0.125000 4.659123 
125.755666 84.304027 117.755752 69.575561 3.607454 0.125000 3.695728 
179.007580 117.598949 199.426669 113.374760 3.672243 0.125000 7.309134 
313.846158 176.663932 308.832509 159.533776 3.745332 0.125000 4.463853 
453.537275 39.289811 454.249918 53.195471 2.557423 0.125000 3.792023 
499.278114 355.622759 498.843973 374.391630 2.701673 0.125000 0.076749 
395.331094 60.327324 398.500808 70.507994 2.837296 0.125000 3.048958 
123.526695 103.237940 126.966862 91.002277 5.151699 0.125000 3.512451 
208.456443 228.405176 205.673945 206.868676 4.561572 0.125000 11.574654 
386.944270 143.169592 380.561767 153.084295 4.506359 0.125000 0.366580 
143.562813 235.857952 140.201283 224.138004 3.092368 0.125000 0.677209 
476.190015 315.837500 470.628062 330.626152 2.640170 0.125000 3.002871 
402.314582 136.655553 407.058951 146.159145 5.028355 0.125000 9.755401 
194.137928 230.960035 190.412154 214.422954 2.954583 0.125000 2.134314 
403.069004 333.145174 407.629468 345.803527 2.447058 0.125000 0.390287 
275.339052 242.393081 251.846478 229.426676 3.055770 0.125000 5.793803 
318.212514 319.414151 318.581304 306.815178 6.613060 0.125000 6.954105 
340.112165 214.424274 341.563070 229.525072 3.374156 0.125000 12.516487 
212.395664 353.215021 209.907850 333.059231 2.803010 0.125000 0.971274 
235.452052 86.223264 241.465391 75.397477 3.641865 0.125000 0.316428 
259.610415 123.114254 258.474211 98.223177 4.088096 0.125000 10.396705 
446.117588 69.069585 450.110445 59.167514 3.253535 0.125000 4.815885 
400.738529 261.552352 398.845598 275.553425 4.285020 0.125000 0.549990 
182.767565 328.071315 185.549191 309.551359 4.740504 0.125000 3.559208 
465.751394 191.713855 478.657391 205.031754 9.032087 0.125000 24.074505 
339.679782 239.310190 335.502765 219.666795 4.553376 0.125000 8.742181 
342.186270 354.309497 338.248842 335.598939 2.252851 0.125000 5.483111 
269.000219 278.135097 268.663705 265.644163 2.566420 0.125000 3.048958 
0.624962 0.748231 498.124913 0.903242 1.399558 0.125000 345.684145 
115.339255 113.551173 120.063538 104.744356 4.055987 0.125000 1.337961 
52.307788 361.971524 53.798292 374.590759 2.620736 0.062500 0.805507 
115.253522 342.937330 124.218601 346.072260 2.560088 0.125000 0.406146 
182.801535 374.382256 182.577969 364.415309 3.861182 0.125000 0.510068 
287.639375 130.776725 283.439088 151.937345 1.965416 0.125000 1.681400 
290.498784 146.047382 283.961823 163.439526 2.771923 0.125000 3.494183 
289.466670 159.396729 292.124427 148.184122 2.447289 0.125000 1.285935 
272.268455 266.810680 270.200974 294.343159 2.212175 0.125000 6.909773 
284.658280 211.633385 281.791372 223.104099 4.547370 0.125000 2.387543 
430.236128 51.590151 439.250522 39.283819 8.266415 0.125000 7.081492 
213.196334 249.249970 218.701458 255.017858 2.630333 0.062500 0.787727 
285.462994 170.280640 277.335669 174.104195 3.526905 0.125000 6.122310 
442.752215 199.380151 442.869658 179.380841 1.367423 0.125000 0.703770 
450.766584 174.214160 466.872955 190.605293 8.024349 0.125000 36.887378 
283.462368 186.243716 289.174272 177.986153 3.478253 0.125000 4.815885 
283.233809 152.819034 274.349265 165.607121 3.252680 0.125000 4.928246 
89.259578 291.041807 104.274139 292.081529 3.499528 0.125000 2.134314 
203.641896 129.276141 203.197486 138.190927 4.056530 0.125000 6.586067 
271.198480 193.323231 283.137211 185.643984 3.756171 0.125000 13.394132 
283.457886 159.456917 288.964040 137.081471 2.465641 0.125000 3.949104 
195.766978 159.484012 194.269405 144.262408 3.364812 0.125000 18.765570 
276.682592 170.529343 282.656372 158.513465 3.370639 0.125000 1.104880 
395.544772 48.110048 395.688950 59.390160 3.845548 0.125000 7.196613 
499.476533 205.631735 498.474966 220.731128 3.907243 0.062500 0.930878 
282.126968 207.216159 292.990422 199.192784 3.233356 0.125000 5.519712 
288.616342 188.332803 274.648429 198.500620 4.874652 0.125000 20.067783 
350.133227 233.502939 344.986730 209.784726 3.987362 0.125000 23.580129 
364.781650 229.275091 360.442238 211.612793 3.364397 0.125000 15.748454 
278.540672 155.776154 282.591784 144.635650 2.669862 0.125000 3.048958 
205.175592 149.259698 194.250267 191.842998 4.596074 0.125000 47.290371 
180.324101 143.828879 188.755373 158.481539 4.200551 0.125000 8.356655 
490.385079 300.165011 481.678820 297.520980 2.861710 0.125000 2.509950 
341.407789 230.244078 351.430771 250.841171 3.858757 0.125000 20.904133 
450.859902 261.956692 462.679463 227.970055 4.620292 0.125000 38.307166 
255.056953 106.814257 256.512656 123.157275 3.599149 0.125000 6.909773 
28.874339 311.922948 27.428121 296.822028 4.209590 0.125000 4.264217 
189.978157 191.984815 195.865932 159.646451 3.134655 0.125000 41.724698 
466.088204 236.128283 456.027354 270.375989 3.882677 0.125000 30.111742 
151.881145 334.459385 161.828392 333.734992 2.584186 0.062500 3.138233 
458.044536 290.492099 469.045902 283.831432 2.167668 0.125000 3.413040 
200.166297 183.793720 210.731740 152.736076 3.696210 0.125000 23.031260 
456.371395 305.212789 468.236858 290.716558 3.783175 0.125000 17.426696 
481.508311 219.947789 466.768765 227.928803 3.206450 0.125000 2.387543 
459.947473 268.306005 469.593288 237.798792 3.198693 0.125000 26.905369 
472.211844 240.387478 466.334147 262.984318 2.832018 0.125000 17.471143 
497.042834 311.395898 487.689141 308.119214 2.772681 0.125000 0.406146 
466.279796 297.291940 456.753997 312.252016 3.451552 0.125000 12.325676 
330.306671 238.201012 325.236495 216.967769 3.466222 0.125000 7.582463 
358.087020 250.642130 350.049172 232.820930 3.195180 0.125000 16.713222 
466.816325 231.773183 482.800483 222.561873 2.624975 0.125000 3.298401 
459.844886 313.789386 473.202732 295.995005 3.995989 0.125000 6.840248 
476.005742 298.437389 465.129769 311.693080 4.410277 0.125000 0.795290 
465.674200 276.971069 453.718833 283.093744 3.391726 0.125000 1.681400 
451.764228 247.427133 447.126254 256.996772 3.443602 0.125000 7.928490 
452.157658 278.112768 463.121365 275.609081 3.483076 0.125000 1.337961 
469.618625 263.166943 472.025634 249.185733 2.211070 0.125000 3.048958 
286.025532 274.373804 286.051662 283.127458 2.518645 0.125000 0.703770 
189.130111 161.852283 186.579527 189.347591 3.156670 0.125000 20.159257 
469.346460 238.088740 481.317294 228.666445 3.155816 0.125000 0.076749 
445.778266 245.668617 452.828027 220.896214 3.450025 0.125000 28.748888 
27.299441 289.759530 34.377660 304.955987 2.599574 0.125000 1.104880 
73.087818 282.943968 74.575182 292.908538 3.395292 0.125000 2.926479 
470.663487 285.678369 456.051159 296.215949 3.324328 0.125000 6.105903 
330.565128 251.082955 316.724846 249.273523 3.613198 0.125000 7.279236 
323.072303 216.881450 324.296659 226.884589 2.151919 0.062500 4.316130 
489.605991 279.390593 490.793282 261.801980 2.325948 0.125000 5.483111 
487.703858 304.063562 497.321809 308.379236 2.675649 0.125000 2.509950 
469.285481 311.786988 477.346183 303.588250 3.580428 0.125000 0.079266 
482.503230 231.334912 472.552561 240.140658 2.808285 0.125000 6.586067 
163.130752 336.947136 151.852785 337.846395 1.842173 0.062500 4.316130 
488.255019 266.891249 486.524586 280.737426 2.325446 0.125000 5.219220 
455.807471 285.910429 466.629983 278.991734 2.192866 0.062500 0.357835 
476.557263 240.221357 489.135188 230.320351 2.382480 0.125000 2.926540 
374.550741 262.342830 358.279592 258.686957 2.713213 0.125000 3.131563 
499.357329 1.874921 499.228834 30.629933 1.356116 0.125000 7.928490 
332.177403 230.470581 340.827345 247.409975 3.410840 0.125000 10.825509 
319.422453 267.100123 333.344342 264.165592 3.219696 0.125000 4.111828 
476.679309 324.319472 487.009315 322.771061 3.213571 0.125000 2.926479 
196.873099 205.624690 200.339998 184.328603 3.299575 0.125000 19.197664 
437.013678 39.823175 444.859382 27.632271 7.212260 0.125000 11.574654 
333.188147 260.133507 319.326094 261.287554 3.321034 0.125000 1.104880 
478.118908 329.455974 490.735583 330.405230 3.270517 0.125000 2.168978 
201.898287 274.454408 189.037986 278.225792 2.750730 0.125000 6.586067 
482.629027 284.516564 485.930356 266.932329 2.843085 0.125000 1.612789 
201.281442 235.716577 196.832651 206.881534 2.760184 0.125000 21.678900 
168.539492 354.444399 167.611444 343.271485 3.112249 0.125000 0.510068 
328.135472 304.240175 339.414516 305.116242 2.879687 0.125000 0.390287 
348.015141 250.696373 340.649541 239.359056 3.091202 0.125000 3.839419 
437.630385 317.192856 444.567783 300.706121 3.576209 0.125000 1.600644 
379.363132 285.294576 368.127627 285.698138 2.722734 0.125000 3.048958 
324.487981 228.077556 329.887100 240.934864 2.050698 0.125000 1.285935 
367.904033 290.860755 380.617579 288.090936 2.865788 0.125000 4.659123 
488.162889 325.995180 475.539254 327.287251 2.359730 0.125000 1.200644 
362.824576 65.865051 355.147778 56.257520 5.074274 0.125000 2.931555 
429.937851 131.921409 428.923707 116.905479 2.831240 0.125000 0.878329 
379.457534 292.173700 368.363738 295.239023 3.075530 0.125000 1.233113 
363.554276 249.193162 371.893648 255.600730 3.046363 0.125000 2.166911 
194.213119 191.934428 193.396322 206.889818 3.199077 0.125000 9.246384 
321.226310 277.955030 336.818715 269.273904 2.556178 0.125000 11.911663 
366.825602 311.672640 380.644646 311.202619 2.413573 0.125000 1.233113 
492.212430 133.194301 492.855407 106.868416 8.930515 0.125000 37.828371 
22.482373 253.026220 21.486142 259.507368 3.230618 0.125000 0.703770 
186.920893 272.623779 201.864756 271.707861 2.495318 0.125000 3.931978 
340.563118 90.739962 329.279639 90.228411 10.102963 0.125000 9.455232 
463.176807 88.082177 474.463983 99.285350 5.303264 0.125000 9.884607 
190.597424 282.981471 201.910156 280.807983 3.162636 0.125000 1.200644 
414.957452 266.761985 413.207151 277.100531 4.949312 0.125000 1.124446 
179.929417 167.340338 174.530905 159.270701 2.772940 0.125000 0.406146 
185.095402 182.108128 179.010645 168.285389 3.662130 0.125000 1.416051 
192.873141 208.177640 198.944463 237.226242 3.304762 0.125000 18.524077 
352.449251 250.530712 364.101038 257.343548 2.795042 0.125000 1.337961 
449.120408 26.935118 451.900694 38.709270 4.207715 0.125000 1.351067 
198.397852 285.762789 191.907226 287.038907 2.956122 0.062500 0.703770 
180.069985 300.645379 187.605749 297.243954 5.474967 0.125000 1.681400 
365.604200 104.548800 349.583659 102.631494 8.688003 0.125000 11.150067 
360.025953 47.481213 378.067351 53.303631 9.862736 0.125000 39.466880 
12.360762 283.990900 8.343171 291.984651 3.362199 0.125000 0.340698 
0.445582 213.214025 16.951625 213.985438 7.783599 0.125000 50.394973 
338.032222 281.255173 324.217533 283.322995 2.102372 0.125000 0.406146 
345.959034 70.349705 337.511828 60.100155 3.743079 0.125000 1.104880 
479.011362 78.473054 469.235012 68.258988 2.863856 0.125000 6.339038 
321.736628 120.054063 334.716524 122.698961 7.122479 0.125000 1.281412 
5.092182 298.162849 3.931109 281.817738 4.183427 0.125000 8.921682 
180.258196 204.597601 172.141068 191.222115 2.594026 0.125000 0.079266 
366.642221 95.958639 373.110108 103.138416 4.643630 0.125000 0.316428 
470.686420 100.680575 455.543517 101.392964 8.857815 0.125000 32.920645 
190.604380 213.125888 189.742430 193.109178 1.786613 0.125000 10.637760 
20.280103 239.722930 12.747417 232.255904 2.933715 0.125000 0.510068 
307.556252 101.508696 317.438403 115.721513 9.148560 0.125000 26.467365 
471.875952 52.958416 496.903697 53.101385 10.064101 0.125000 53.388385 
32.002361 111.489684 4.087567 109.315631 12.171087 0.125000 75.676741 
89.730128 141.028935 77.318185 135.819144 3.457754 0.125000 1.104880 
373.476522 99.343313 383.414627 102.068990 5.071792 0.125000 0.842421 
186.356449 190.661385 188.020850 214.382308 2.318884 0.062500 3.175447 
462.373938 46.221859 473.512857 54.730944 7.477606 0.125000 3.312782 
132.545110 277.855691 129.713946 283.951893 4.454135 0.125000 0.340698 
300.325955 100.852524 308.974663 102.602989 7.846883 0.125000 13.309837 
59.337875 3.625256 20.497421 5.548504 5.426622 0.125000 41.546410 
0.236821 67.748597 19.607846 66.350001 14.434431 0.125000 46.848031 
488.948931 71.776168 491.071514 89.471380 2.473309 0.125000 3.955936 
-1.126369 92.173708 23.627250 100.355459 10.319330 0.125000 22.829134 
384.283435 101.992102 394.322123 102.664469 3.280892 0.125000 1.200644 
0.256284 185.935426 14.118402 189.210935 5.153450 0.125000 12.758467 
15.599609 22.365563 71.912039 20.482808 6.580664 0.125000 74.774981 
38.233996 30.226493 25.463230 31.861232 3.590756 0.125000 10.763548 
19.278915 63.542051 31.881143 64.268411 4.175351 0.125000 11.461189 
55.630583 30.791434 39.368133 30.707640 6.301442 0.125000 16.070304 
51.750931 109.511669 31.583488 111.759113 6.073107 0.125000 34.569762 
69.520927 32.674228 55.764945 31.493955 6.868270 0.125000 1.578986 
