404.084442 182.140930 420.597931 121.343697 7.000000
171.835175 404.127411 178.806793 427.092529 4.000000
181.043716 431.154083 173.372253 400.087250 4.500000
383.511993 509.244293 351.165314 408.300293 8.000000
418.722260 122.442993 411.968719 110.179649 4.000000
199.693924 312.456482 262.539642 241.214523 7.000000
110.303185 279.507568 125.742699 268.434082 3.000000
69.882820 418.440643 74.027893 397.853790 1.500000
157.931442 374.465454 200.934967 316.718628 4.000000
160.722076 401.908783 173.592331 422.166046 4.000000
184.640701 313.678711 179.517731 326.707733 3.000000
367.791779 211.431992 401.302673 181.398346 5.000000
60.896912 398.174896 74.390091 386.261261 3.000000
173.366714 421.914062 174.563644 432.848755 1.500000
64.647865 416.681030 69.052322 401.299194 2.000000
333.166290 200.509201 404.881012 160.747391 10.000000
126.227676 106.959366 116.374153 188.365189 8.000000
177.490585 424.682159 162.596069 399.799347 4.000000
119.343712 188.548538 130.566360 212.001724 4.000000
334.384094 130.073303 314.758545 96.371109 5.000000
415.183105 112.716171 452.792816 60.932888 6.000000
398.518433 110.072708 346.645599 145.824768 5.000000
172.773605 467.047058 177.133301 454.799896 4.000000
156.921646 361.637451 179.222672 329.642700 4.000000
363.302338 212.669968 375.811920 451.342377 14.000000
128.863174 212.232635 135.930283 235.168549 5.000000
74.499710 400.615662 77.307724 395.313293 3.500000
269.455719 185.726883 265.077332 205.241745 3.000000
65.116516 439.901550 69.029518 426.459534 2.500000
130.641846 311.211517 135.935669 338.706543 3.000000
115.730049 344.012970 112.694504 369.835175 4.000000
230.314316 237.789841 211.944748 266.400299 4.000000
140.584824 340.994141 127.527908 296.886139 5.000000
347.037415 407.353546 308.395874 386.309998 6.000000
175.872330 260.448334 173.771332 229.519608 3.500000
112.368980 368.593536 112.813446 394.589722 5.000000
108.243240 497.084625 105.766068 510.863708 3.000000
309.992401 96.323814 294.046295 74.535713 5.000000
172.723007 400.968018 154.489838 381.054413 5.000000
336.320282 148.664566 267.876190 197.361633 5.000000
77.023170 392.083649 65.264534 405.712097 2.500000
252.817200 212.600937 230.900543 237.271973 4.000000
113.411926 380.331299 119.024750 350.861053 6.000000
313.867004 270.162903 331.500793 249.716644 7.000000
123.185463 311.708252 132.143234 338.236694 6.000000
185.604568 269.922943 182.079391 252.271515 2.000000
157.003906 509.541718 139.711105 481.435486 4.000000
161.384659 252.114105 166.461288 241.240845 2.000000
141.300446 487.686737 149.630936 510.194580 8.000000
258.584656 199.974442 255.333298 209.431122 2.500000
380.614288 345.009857 365.851532 211.825546 9.000000
108.295891 511.020599 114.410606 477.574982 6.000000
308.484924 384.758636 350.827637 295.270691 8.000000
151.104599 469.065125 144.117630 458.102356 2.000000
210.716904 267.734955 186.728333 313.871155 5.000000
134.236313 340.462646 124.172943 297.628906 3.000000
173.760834 300.297577 180.640045 312.490875 2.500000
253.463318 214.608200 191.252960 312.515656 9.000000
114.407036 313.917816 101.314713 334.032288 3.000000
147.920990 257.637207 140.569641 265.819946 1.500000
78.475250 310.633606 101.196083 300.204620 3.000000
281.945251 267.237122 272.856964 259.401093 5.000000
98.732933 291.418671 109.547203 289.405823 2.500000
313.897217 97.928993 308.424988 95.468369 5.000000
105.655586 435.900940 107.276039 414.963562 5.000000
182.940018 306.239929 175.654922 297.998108 3.000000
172.188400 457.161835 164.911865 444.044983 2.000000
100.770172 311.433563 117.371010 296.997070 3.000000
75.064240 381.640594 59.142399 396.822632 4.000000
162.662109 412.976196 157.624023 403.197754 3.000000
89.187332 383.848419 94.212753 355.287170 5.000000
205.990433 245.210175 209.294647 230.578629 1.500000
133.677170 403.268158 140.735092 390.032379 2.500000
290.350494 73.618492 250.204651 47.306702 6.000000
121.763039 495.001129 129.021683 509.259888 2.000000
139.096359 233.730087 136.769379 215.881134 6.000000
176.187042 313.114227 172.199615 301.796082 2.500000
127.906815 475.096069 138.221054 510.629395 5.000000
69.098953 481.888763 65.768791 441.024231 6.000000
118.660271 360.446198 125.510612 374.905548 3.000000
180.933609 254.390625 183.863785 273.163330 3.000000
96.883316 345.701538 99.687897 336.102875 2.500000
110.447380 326.251465 118.479736 307.935333 4.000000
254.763458 189.654068 244.119202 200.222885 2.000000
223.840240 217.822159 227.011963 229.395416 3.000000
128.765640 375.966675 119.275024 357.233612 3.000000
172.185333 234.151459 172.087982 244.150986 2.500000
141.539764 507.945679 133.949036 486.234375 4.000000
92.146828 353.859100 88.462036 369.429016 3.000000
101.798286 504.603516 96.820015 490.453735 3.000000
62.462521 498.483124 60.576885 448.518677 6.000000
165.254990 279.587524 168.476059 252.780334 4.000000
138.653427 221.530563 143.731644 212.915955 4.000000
250.842316 172.127579 273.980927 178.499741 4.000000
272.616302 267.067841 265.838470 272.989105 3.000000
112.749016 391.551880 121.907600 403.431274 2.500000
188.322296 328.099213 168.300415 356.806793 5.000000
338.802338 202.534317 350.960419 214.416275 2.000000
479.423157 30.610147 510.086426 3.393167 6.000000
104.945030 414.553711 99.324013 436.856293 5.000000
320.329559 320.164612 314.011200 269.557495 5.000000
103.353996 300.371490 92.481804 310.705658 2.500000
169.139374 290.147827 167.043488 310.037720 8.000000
189.350739 254.126526 197.948349 263.877472 2.500000
127.182121 357.225769 135.774033 365.603058 2.500000
188.337921 314.689514 222.659042 252.535980 3.000000
136.066406 464.251434 151.664154 478.312408 7.000000
485.926025 389.646118 511.156860 380.033325 8.000000
501.849243 68.620804 392.234558 273.092377 20.000000
126.823952 396.302948 117.254631 383.479980 2.500000
214.348679 304.212402 215.992508 366.190613 4.000000
252.647278 202.964844 263.441284 189.831329 2.000000
101.875107 336.294983 110.311127 326.403870 4.000000
166.400681 236.696091 146.547226 270.264526 5.000000
84.592239 331.422821 64.264946 357.419006 4.000000
120.209229 306.402802 119.737122 330.398163 4.000000
133.758163 510.697327 126.335747 496.523132 5.000000
131.015945 294.357391 140.107895 285.065643 2.500000
154.094101 420.324463 154.797867 441.312653 4.000000
234.027847 203.434509 248.727646 184.463058 6.000000
203.877884 262.720337 194.549973 256.890259 2.000000
139.928558 265.945221 131.987183 274.941589 2.500000
361.123596 328.463531 363.276459 243.490799 4.000000
206.526443 487.744965 230.847748 461.203003 6.000000
117.274132 292.979980 102.352211 307.756165 4.000000
117.421501 484.409332 118.754593 511.376404 6.000000
171.637665 242.622009 163.264374 264.043671 6.000000
123.621368 457.500031 118.796165 438.090851 1.500000
138.490067 270.589569 150.712585 260.264374 3.000000
241.951035 184.685883 229.493637 204.020142 5.000000
207.296265 231.089233 204.482224 243.781006 2.000000
438.457550 32.453827 420.695709 3.462145 7.000000
172.462097 247.846344 173.587326 261.801056 1.500000
148.270432 249.832047 152.812836 239.813736 3.500000
158.707108 262.820312 157.175781 282.761597 4.000000
145.120193 457.205475 138.785172 447.013947 2.000000
154.750381 357.582336 153.878067 371.555115 3.000000
334.129456 269.851715 326.371429 274.413849 3.000000
150.129730 81.886223 156.170532 69.256546 2.000000
85.666573 355.850189 87.979416 322.931335 5.000000
101.392868 274.269196 93.959457 279.343109 3.500000
121.048271 164.613388 133.731171 103.924477 9.000000
439.022736 483.765320 486.808411 386.912170 15.000000
418.922821 473.438751 420.913116 490.321838 8.000000
91.551140 287.669525 108.380272 278.850189 2.500000
327.592957 251.714569 345.744202 246.099213 6.000000
218.554855 226.342484 217.875534 213.360245 2.000000
271.433960 76.499649 194.291092 126.629265 7.000000
94.372177 488.228210 100.495735 507.267700 2.000000
463.153992 296.785400 444.432892 420.375549 12.000000
164.477798 264.428131 163.636154 278.402802 1.500000
267.668365 202.712708 300.742462 175.233521 3.000000
137.350174 399.922211 145.189011 409.008057 2.000000
118.817146 384.513092 117.503914 376.621613 2.000000
29.509562 509.587463 21.146595 404.921021 9.000000
211.768158 198.320602 225.656738 190.376587 1.500000
378.126526 175.609955 395.860016 146.600922 4.000000
192.833298 490.032654 204.224930 486.260284 2.500000
217.984268 170.479523 233.978806 170.897797 3.500000
349.979401 213.747406 356.961395 227.023392 2.500000
301.457886 178.377853 271.115051 204.441483 4.000000
259.732697 274.338989 278.704529 275.373138 3.500000
376.928925 427.861908 376.916290 318.861908 7.000000
398.381012 279.687927 378.399963 360.246948 9.000000
118.421097 373.921814 131.607681 381.071228 3.000000
185.381897 231.555954 188.169098 217.836197 1.500000
224.101669 251.795151 232.872147 239.626389 2.000000
65.869560 467.222534 64.977669 481.194092 3.000000
377.747925 290.519012 379.609344 260.576813 2.500000
72.433136 359.810028 72.717743 382.808258 7.000000
62.181835 363.144928 87.064217 333.113831 5.000000
368.886108 373.655579 365.957367 341.789886 4.000000
104.415520 294.089661 78.375870 308.987183 3.000000
179.268021 326.638824 162.679474 335.902740 10.000000
122.383392 325.842438 121.633873 311.862488 3.000000
269.630829 241.889053 294.965240 251.225388 6.000000
221.595932 189.761703 210.920242 197.179916 2.000000
344.372467 144.946243 337.129181 130.679672 3.000000
227.019440 193.712219 216.581299 205.838425 2.000000
231.345490 461.692017 234.922668 409.815186 8.000000
248.925949 48.703152 225.519440 43.398884 3.000000
137.436646 423.500519 127.273819 411.142639 1.500000
195.445206 431.827637 195.518600 409.827759 0.500000
7.276064 417.354492 16.105579 510.938873 10.000000
100.600227 333.303101 89.244095 343.102997 2.000000
156.990158 466.433380 144.992462 455.847778 1.500000
410.629089 110.208832 352.029358 152.042694 6.000000
153.074936 248.108627 161.613449 238.305862 3.500000
454.853302 56.879353 480.048706 31.165703 5.000000
104.657585 349.726624 99.055000 378.180298 4.000000
104.556305 364.551086 106.944054 348.730255 1.500000
357.135101 391.130005 358.173248 365.150757 2.000000
361.845642 241.674088 359.506195 287.614563 5.000000
353.330231 322.863159 348.531097 392.698456 6.000000
232.536469 239.846283 250.857376 218.672150 3.000000
424.309631 494.124817 439.407928 481.008362 8.000000
72.586258 472.587219 73.575157 459.624878 2.000000
146.395325 287.301697 155.647079 297.809052 2.500000
74.388268 366.516815 83.999901 350.127289 3.000000
135.956360 405.149689 146.933502 420.657837 2.000000
309.022278 170.315506 402.515442 114.279518 7.000000
347.505737 241.767990 335.008087 201.670486 12.000000
68.289780 496.159668 68.096375 477.160645 6.000000
453.109314 57.851368 438.366638 32.878323 6.000000
118.896912 419.967499 126.801857 427.616821 2.500000
136.025497 432.121033 135.847610 449.120117 5.000000
356.522308 357.870575 356.458374 389.870514 1.000000
83.609612 380.759583 86.997719 396.396759 3.000000
189.242096 374.505890 186.887573 441.464478 4.000000
190.471909 401.873993 191.306564 369.884857 3.000000
201.474869 199.154984 215.061768 188.937546 5.000000
353.334290 414.667297 352.152618 346.677582 3.000000
316.209381 326.821136 320.093323 317.606201 3.000000
357.052979 226.688416 361.316467 243.145111 2.500000
98.050255 288.232758 77.668175 293.289490 2.500000
373.005768 299.402008 375.161041 317.272491 1.000000
243.904510 418.295380 228.785202 478.423615 12.000000
106.634399 403.029907 103.152328 388.439636 3.000000
379.323242 344.714447 382.007355 375.598022 1.500000
102.714478 307.207214 96.646255 319.823730 1.500000
157.233032 238.260254 168.920715 228.858246 8.000000
342.630798 270.633209 337.379486 262.123016 5.500000
283.051331 257.157349 290.619476 267.727264 3.500000
266.897125 349.956329 305.636841 345.457886 7.000000
201.980331 199.196579 201.919662 189.196762 2.500000
221.756302 351.924072 215.631989 300.285980 4.000000
127.083687 381.359650 131.412338 391.472168 3.500000
259.657776 236.184830 259.167175 217.191177 3.000000
195.286362 127.735924 150.953094 171.078293 3.000000
364.139008 349.099304 366.352509 369.982300 3.000000
365.218750 133.501373 366.656799 78.520180 13.000000
264.977936 177.867813 253.236771 185.493103 2.000000
121.358009 270.960938 111.967842 265.231628 2.500000
226.481476 480.573547 184.890930 497.755707 11.000000
236.739777 401.671143 238.649368 420.574951 3.000000
249.435120 174.613434 244.017181 168.727341 4.000000
354.236023 189.010422 363.530212 211.137741 3.500000
83.570236 345.421051 73.712585 361.663788 5.000000
92.964127 314.828949 92.732079 338.827820 1.500000
431.025269 427.860443 427.175659 448.504608 7.000000
318.629364 364.214142 314.839508 383.851807 1.500000
350.826202 393.841522 350.713135 409.841125 3.000000
261.532776 386.319763 238.582199 387.826874 4.000000
80.228302 312.911255 67.086716 320.143036 2.500000
403.637604 4.838545 441.682251 70.630684 6.000000
407.651733 164.142410 383.207825 189.192276 9.000000
126.356789 425.411194 117.881027 411.840576 2.500000
30.211376 384.254669 35.601479 508.137451 11.000000
90.801064 445.753815 102.486481 434.824432 2.000000
273.852844 248.559219 260.001526 246.524277 5.000000
312.443726 353.185028 265.460541 351.927734 7.000000
210.632721 356.360992 206.992737 337.712921 2.000000
281.007324 232.077209 295.661407 219.983505 1.500000
123.372795 187.548889 138.973801 172.037323 1.000000
255.193298 275.296600 243.474121 265.933868 7.000000
367.759094 423.826996 370.368927 399.969330 1.500000
384.237213 185.547852 362.704681 193.631836 5.000000
103.392464 387.512207 102.934258 364.516754 4.000000
316.902557 382.990845 320.610016 362.320709 1.500000
187.362488 343.781372 189.990326 353.429932 2.000000
210.161972 428.560272 211.173065 413.594360 2.000000
115.285156 432.512787 111.826942 412.814026 4.000000
193.121857 424.110718 191.213837 438.988892 2.500000
358.465179 288.626984 359.162476 307.614166 4.000000
219.281921 267.373840 244.589340 232.609848 3.000000
371.205780 388.021393 370.691956 374.030853 2.000000
286.681000 252.558609 272.359039 248.099808 5.000000
405.811157 464.004120 420.787842 472.047729 10.000000
146.207169 270.366486 145.793655 280.357941 2.500000
377.757416 249.327454 378.749542 266.298462 1.000000
380.500763 398.423523 383.105896 384.668030 5.000000
227.518692 406.407288 224.348877 426.154480 6.000000
180.496658 404.802338 183.796082 376.997437 4.000000
355.750244 207.554153 348.819794 195.389923 2.000000
315.426361 326.647644 302.875031 330.033447 2.500000
305.677094 265.202820 312.476654 324.816284 10.000000
439.765411 453.072845 431.368591 479.784149 7.000000
20.388994 362.954773 17.225866 373.490173 5.000000
370.146759 77.172302 390.634216 112.686584 12.000000
288.660065 74.839676 274.113129 78.498451 1.500000
384.113586 380.548157 381.405182 350.670654 1.000000
248.363129 382.525208 266.343079 383.374451 5.000000
60.600090 447.341309 62.565277 420.412903 8.000000
225.243622 424.462433 205.427917 471.455383 10.000000
235.489182 95.651726 246.923828 87.574059 3.000000
347.101715 293.891846 346.971405 274.892303 4.500000
171.757248 126.546837 193.588333 112.425789 1.500000
209.171127 136.880112 196.689865 146.891006 2.000000
190.220123 122.369873 201.273804 113.778252 1.500000
20.828564 412.963501 1.836773 393.772064 11.000000
29.688074 197.466156 28.106741 377.459229 13.000000
230.547501 121.825684 209.875565 135.885239 1.500000
172.228012 341.932892 158.302475 370.743988 3.500000
294.490570 252.014832 300.480225 258.732269 2.500000
317.132721 345.318268 316.056274 326.348785 6.000000
407.764130 284.054199 402.551514 301.282898 5.000000
248.786835 86.286469 265.735138 77.698380 2.000000
307.061371 388.091370 297.113037 387.076294 2.000000
365.824738 401.730469 367.497955 371.777191 3.000000
62.507816 352.798065 60.586544 27.803730 12.000000
403.128357 159.725616 389.581573 169.996185 2.500000
61.256081 393.936951 64.103928 360.056427 13.000000
426.244049 447.929749 434.643860 456.499634 4.000000
487.922363 399.971649 474.243286 418.461761 5.000000
197.287796 146.781555 157.078400 188.581116 5.000000
191.047119 116.401657 170.097839 130.044540 1.500000
215.280960 213.398468 216.532852 224.326996 2.500000
214.259979 184.915359 223.305725 175.578629 4.000000
258.056000 129.891327 222.314087 157.232056 3.000000
299.074036 333.422607 297.707428 343.328796 4.500000
331.346771 78.304466 334.595367 132.206665 13.000000
444.901672 420.123566 430.115723 430.388824 9.000000
498.591522 271.756348 469.046021 295.653290 8.000000
251.534683 243.589355 242.086151 261.216766 6.000000
0.234754 97.501656 22.932825 56.345882 11.000000
238.091263 258.588959 245.921768 242.381439 2.500000
190.121902 434.659454 190.384537 401.660492 4.000000
364.665649 388.689331 363.409882 402.632874 1.500000
321.050507 207.406311 298.627075 220.566483 1.500000
233.111328 371.883057 249.528442 381.447510 9.000000
264.649994 241.099442 276.220795 227.311157 2.000000
223.128326 285.451660 222.764053 314.449371 10.000000
308.787262 363.068085 286.882965 370.082367 4.000000
306.696045 329.510742 308.043976 339.419464 2.500000
403.541656 -0.500000 403.541656 4.500000 4.000000
224.551224 312.912262 221.137070 333.632843 6.000000
186.645447 499.317169 174.401474 509.616913 3.500000
192.264587 124.367943 203.001678 117.038887 1.500000
236.696320 248.306717 228.873734 267.795349 4.000000
16.343733 376.672882 22.336962 388.208954 3.000000
179.955994 134.560440 163.168381 147.176926 1.500000
238.815079 270.286163 223.112656 288.436493 6.000000
260.010468 64.399338 240.228424 74.025887 1.000000
398.749634 156.223999 389.265594 163.576080 3.000000
389.873108 188.530685 370.803833 204.697372 4.000000
132.833267 354.123596 118.198181 343.644379 3.000000
176.706573 384.467834 179.723846 403.226746 3.000000
485.188995 480.722961 466.764771 510.481140 8.000000
445.406219 186.769394 431.313446 219.896317 6.000000
166.264694 63.422169 182.695496 56.071739 2.500000
204.147614 173.832520 187.259811 193.601242 2.000000
392.137695 462.052094 409.047638 468.220856 10.000000
489.312347 504.446381 501.174896 482.440033 6.000000
120.029427 182.312683 134.184448 168.183456 1.000000
121.617599 510.653442 121.308556 494.656433 1.500000
430.395355 220.206390 418.191437 253.009796 5.000000
470.610413 472.857880 453.495758 492.430542 7.000000
26.498774 59.126514 28.217010 177.113998 12.000000
509.917755 388.260803 490.375671 400.389587 8.000000
469.644470 465.882599 478.585663 450.260345 3.500000
199.116562 472.502533 191.480209 485.413239 2.500000
258.142334 409.236542 249.002792 417.012726 2.000000
375.265472 455.331757 394.786102 463.074249 10.000000
511.763184 267.666931 498.460693 274.598206 8.000000
510.821014 89.424347 499.293060 103.248482 2.000000
63.422485 18.383535 61.724148 0.463834 3.500000
402.017700 301.400696 394.334991 332.464752 4.000000
414.589447 263.929749 407.938232 282.791382 3.000000
492.537323 111.236122 480.165863 125.656494 2.500000
250.963181 259.004761 266.081940 253.768066 6.000000
406.584839 388.951904 427.967621 394.126556 7.000000
204.765335 465.619354 202.530960 482.471893 4.500000
151.787079 368.134033 150.177170 354.226898 1.500000
165.839844 214.406815 152.692123 226.700607 2.000000
126.244728 496.196259 120.754585 484.412445 5.000000
346.791260 197.166061 354.923859 209.770065 1.500000
