32.000000 32.000000 0.000000
32.000000 -32.000000 0.000000
-32.000000 -32.000000 0.000000
-32.000000 32.000000 0.000000
63.000000 63.000000 0.000000
63.000000 -63.000000 0.000000
-63.000000 -63.000000 0.000000
-63.000000 63.000000 0.000000
93.000000 93.000000 0.000000
93.000000 -93.000000 0.000000
-93.000000 -93.000000 0.000000
-93.000000 93.000000 0.000000
819.000000 32.000000 0.000000
819.000000 -32.000000 0.000000
755.000000 -32.000000 0.000000
755.000000 32.000000 0.000000
850.000000 63.000000 0.000000
850.000000 -63.000000 0.000000
724.000000 -63.000000 0.000000
724.000000 63.000000 0.000000
880.000000 93.000000 0.000000
880.000000 -93.000000 0.000000
694.000000 -93.000000 0.000000
694.000000 93.000000 0.000000
32.000000 477.000000 0.000000
32.000000 413.000000 0.000000
-32.000000 413.000000 0.000000
-32.000000 477.000000 0.000000
63.000000 508.000000 0.000000
63.000000 382.000000 0.000000
-63.000000 382.000000 0.000000
-63.000000 508.000000 0.000000
93.000000 538.000000 0.000000
93.000000 352.000000 0.000000
-93.000000 352.000000 0.000000
-93.000000 538.000000 0.000000
