-361.500000 -190.500000 0.000000
-361.500000 -254.500000 0.000000
-425.500000 -254.500000 0.000000
-425.500000 -190.500000 0.000000
-330.500000 -159.500000 0.000000
-330.500000 -285.500000 0.000000
-456.500000 -285.500000 0.000000
-456.500000 -159.500000 0.000000
-300.500000 -129.500000 0.000000
-300.500000 -315.500000 0.000000
-486.500000 -315.500000 0.000000
-486.500000 -129.500000 0.000000
425.500000 -190.500000 0.000000
425.500000 -254.500000 0.000000
361.500000 -254.500000 0.000000
361.500000 -190.500000 0.000000
456.500000 -159.500000 0.000000
456.500000 -285.500000 0.000000
330.500000 -285.500000 0.000000
330.500000 -159.500000 0.000000
486.500000 -129.500000 0.000000
486.500000 -315.500000 0.000000
300.500000 -315.500000 0.000000
300.500000 -129.500000 0.000000
-361.500000 254.500000 0.000000
-361.500000 190.500000 0.000000
-425.500000 190.500000 0.000000
-425.500000 254.500000 0.000000
-330.500000 285.500000 0.000000
-330.500000 159.500000 0.000000
-456.500000 159.500000 0.000000
-456.500000 285.500000 0.000000
-300.500000 315.500000 0.000000
-300.500000 129.500000 0.000000
-486.500000 129.500000 0.000000
-486.500000 315.500000 0.000000
