30.800000 30.800000 0.000000
30.800000 -30.800000 0.000000
-30.800000 -30.800000 0.000000
-30.800000 30.800000 0.000000
61.600000 61.600000 0.000000
61.600000 -61.600000 0.000000
-61.600000 -61.600000 0.000000
-61.600000 61.600000 0.000000
92.400000 92.400000 0.000000
92.400000 -92.400000 0.000000
-92.400000 -92.400000 0.000000
-92.400000 92.400000 0.000000
920.800000 30.800000 0.000000
920.800000 -30.800000 0.000000
859.200000 -30.800000 0.000000
859.200000 30.800000 0.000000
951.600000 61.600000 0.000000
951.600000 -61.600000 0.000000
828.400000 -61.600000 0.000000
828.400000 61.600000 0.000000
982.400000 92.400000 0.000000
982.400000 -92.400000 0.000000
797.600000 -92.400000 0.000000
797.600000 92.400000 0.000000
30.800000 713.800000 0.000000
30.800000 652.200000 0.000000
-30.800000 652.200000 0.000000
-30.800000 713.800000 0.000000
61.600000 744.600000 0.000000
61.600000 621.400000 0.000000
-61.600000 621.400000 0.000000
-61.600000 744.600000 0.000000
92.400000 775.400000 0.000000
92.400000 590.600000 0.000000
-92.400000 590.600000 0.000000
-92.400000 775.400000 0.000000
