1.4221 -0.4063 -0.0044 -0.8145 -0.7943 1011.1601
-3.0209 0.2389 -0.0187 -0.8197 -0.8112 1036.9436
2.1964 -0.6984 -0.0090 -0.7810 -0.7783 955.0125
-2.3745 0.7869 -0.0168 -0.8409 -0.8359 1017.3221
2.9908 -0.2613 -0.0043 -0.7997 -0.7675 1006.1288
1.7712 -1.0914 -0.0199 -0.8004 -0.7773 973.7167
-3.1775 0.5151 -0.0188 -0.7461 -0.6922 992.3469
2.3967 -0.5499 -0.0123 -0.8273 -0.7896 1007.0042
1.7009 -0.7350 -0.0109 -0.9199 -0.8727 1071.7528
-2.7608 0.5832 -0.0157 -0.8491 -0.8066 1055.9762
1.1152 -1.1613 -0.0122 -0.8021 -0.7523 973.1588
-2.4847 0.6260 -0.0163 -0.8662 -0.8338 1061.3692
1.2718 -0.9826 -0.0119 -0.7966 -0.8562 1014.9250
-1.7978 1.1310 -0.0211 -0.8260 -0.7730 998.9925
0.9983 -1.0460 -0.0113 -0.7992 -0.8583 1014.6564
-2.8164 0.9060 -0.0214 -0.7897 -0.7416 996.2558
-2.2779 1.0562 -0.0234 -0.8159 -0.7598 997.8052
-2.3939 0.8921 -0.0179 -0.8446 -0.8081 1030.0917
2.3218 -0.7099 -0.0151 -0.8471 -0.8167 1028.5582
2.1911 -0.5829 -0.0136 -0.8590 -0.8164 1028.9041
2.2544 -0.3434 -0.0096 -0.8568 -0.8371 1013.6209
1.9851 -0.3600 -0.0064 -0.8077 -0.7803 975.4661
0.9983 -1.0460 -0.0113 -0.7992 -0.8583 1014.6564
-0.9336 1.7648 -0.0125 -0.8573 -0.8474 1032.2981
0.7049 -0.8972 -0.0035 -0.8045 -0.7874 1010.5834
1.7695 -0.4168 -0.0094 -0.8076 -0.7573 1021.7572
1.2718 -0.9826 -0.0119 -0.7966 -0.8562 1014.9250
-3.3593 0.6244 -0.0227 -0.7852 -0.7367 994.4517
2.9908 -0.2613 -0.0043 -0.7997 -0.7675 1006.1288
-3.5102 0.7287 -0.0155 -0.7514 -0.7356 984.6671
2.1219 -0.7347 -0.0142 -0.8478 -0.8108 1018.1473
0.7730 -0.6472 -0.0054 -0.7228 -0.7351 978.0752
-3.0267 0.3659 -0.0106 -0.7327 -0.7358 979.3928
-3.1201 0.7265 -0.0178 -0.7605 -0.7961 983.9295
-1.9360 1.1010 -0.0216 -0.7903 -0.7578 941.1004
2.2126 -0.6882 -0.0170 -0.8587 -0.8364 1029.0250
-3.0164 0.4094 -0.0133 -0.7999 -0.7863 1006.2610
-2.9723 0.8142 -0.0150 -0.7550 -0.7348 985.2064
-2.8042 0.5293 -0.0142 -0.8508 -0.8202 1027.7879
1.7450 -0.0698 0.0002 -0.7713 -0.7576 966.2191
-2.5271 0.8929 -0.0202 -0.8147 -0.7737 998.0051
-3.1362 0.7781 -0.0209 -0.8079 -0.7695 995.4146
2.9908 -0.2613 -0.0043 -0.7997 -0.7675 1006.1288
2.9908 -0.2613 -0.0043 -0.7997 -0.7675 1006.1288
-3.2570 0.5727 -0.0143 -0.7988 -0.7751 982.8813
-1.6031 1.1186 -0.0181 -0.8313 -0.8064 999.5697
-2.9036 0.7433 -0.0188 -0.7961 -0.7526 996.7054
2.0447 -0.6280 -0.0191 -0.8508 -0.8008 1012.6914
-1.9952 0.9322 -0.0142 -0.8546 -0.8284 1022.2606
-2.4356 0.8219 -0.0181 -0.8645 -0.8400 1022.5078
-3.2570 0.5727 -0.0143 -0.7988 -0.7751 982.8813
1.5784 -0.7763 -0.0124 -0.8465 -0.8139 1001.8830
1.1269 -0.8042 -0.0072 -0.8051 -0.8307 975.3733
2.2576 -0.2532 -0.0084 -0.7248 -0.6782 978.1212
-2.0927 0.7755 -0.0177 -0.8174 -0.8048 1000.1870
1.5816 -0.9263 -0.0114 -0.8592 -0.8248 1030.9427
-3.2744 0.7616 -0.0156 -0.7540 -0.7346 984.9204
3.1272 -0.3979 -0.0153 -0.8528 -0.8205 1007.0792
-2.9207 0.9015 -0.0200 -0.7849 -0.7698 995.8121
-2.4356 0.8219 -0.0181 -0.8645 -0.8400 1022.5078
2.7371 -0.3174 -0.0062 -0.7326 -0.7059 979.3997
-2.3189 0.5963 -0.0119 -0.8347 -0.7993 1000.9140
1.7612 -0.6140 -0.0202 -0.8232 -0.8182 1011.5672
-1.7468 1.0566 -0.0173 -0.8614 -0.8442 1022.3424
-2.3988 0.7938 -0.0184 -0.8604 -0.8338 1031.0634
1.1051 -1.2343 -0.0123 -0.8420 -0.8149 1002.2286
1.7455 -0.3534 -0.0134 -0.8424 -0.7686 970.5709
-2.9192 0.8730 -0.0140 -0.7517 -0.7368 985.5921
-3.0970 0.5207 -0.0177 -0.7328 -0.7559 979.3773
-2.2885 0.6938 -0.0121 -0.9427 -0.8944 1046.7442
-1.9860 1.3180 -0.0203 -0.8018 -0.7787 988.2559
2.3907 -0.5700 -0.0156 -0.8309 -0.7978 1015.4194
-2.9752 0.7589 -0.0185 -0.7960 -0.7538 996.4235
2.1219 -0.7347 -0.0142 -0.8478 -0.8108 1018.1473
-3.2744 0.7616 -0.0156 -0.7540 -0.7346 984.9204
0.4404 -1.5978 -0.0132 -0.8459 -0.8123 971.8238
0.1540 -1.4512 -0.0068 -0.8447 -0.7907 971.6031
0.7049 -0.8972 -0.0035 -0.8045 -0.7874 1010.5834
-2.7967 0.7844 -0.0186 -0.7973 -0.7539 996.5808
-3.1086 0.7663 -0.0184 -0.7897 -0.7541 996.2916
2.1911 -0.5829 -0.0136 -0.8590 -0.8164 1028.9041
2.9908 -0.2613 -0.0043 -0.7997 -0.7675 1006.1288
2.4781 -0.3746 -0.0102 -0.8373 -0.8117 1004.0473
-1.9319 1.0464 -0.0140 -0.8730 -0.8419 1031.7461
-3.8437 0.6138 -0.0161 -0.7580 -0.7344 984.0648
1.9604 -0.4260 -0.0098 -0.8553 -0.8374 1014.1338
-2.1731 0.9136 -0.0178 -0.8351 -0.8341 1016.8674
-3.1362 0.7781 -0.0209 -0.8079 -0.7695 995.4146
1.8508 -0.3562 -0.0097 -0.8246 -0.8122 1004.4539
1.9895 -0.5666 -0.0067 -0.7148 -0.7815 977.0461
0.7730 -0.6472 -0.0054 -0.7228 -0.7351 978.0752
1.5707 -0.9304 -0.0109 -0.8506 -0.8358 1002.5684
1.2718 -0.9826 -0.0119 -0.7966 -0.8562 1014.9250
-2.6241 1.1131 -0.0253 -0.8396 -0.8142 1052.1787
-2.4128 1.2400 -0.0212 -0.7922 -0.7497 987.1514
2.0961 -0.3859 -0.0088 -0.8390 -0.8151 1003.9364
-2.0839 1.0301 -0.0220 -0.8259 -0.7722 998.8318
1.0287 -0.8620 -0.0058 -0.7704 -0.8037 961.7248
-3.1775 0.5151 -0.0188 -0.7461 -0.6922 992.3469
2.9140 -0.0884 0.0048 -0.7159 -0.7385 964.2511
-2.0305 0.8514 -0.0160 -0.8414 -0.8358 1017.0937
-3.4836 0.5335 -0.0121 -0.7937 -0.7750 982.4343
1.4028 -1.0813 -0.0152 -0.8426 -0.8202 1002.5272
-2.5281 1.0363 -0.0244 -0.8406 -0.7753 989.4168
2.9908 -0.2613 -0.0043 -0.7997 -0.7675 1006.1288
-2.8165 0.9130 -0.0226 -0.8095 -0.7722 988.4924
0.7049 -0.8972 -0.0035 -0.8045 -0.7874 1010.5834
-2.6698 0.4769 -0.0157 -0.8344 -0.7976 1015.2005
1.5972 -0.4061 -0.0034 -0.8222 -0.8054 1034.5151
-3.1086 0.7663 -0.0184 -0.7897 -0.7541 996.2916
2.5201 -0.5865 -0.0079 -0.7831 -0.7699 957.6322
-3.1377 0.6764 -0.0185 -0.7950 -0.7944 983.3309
2.3344 -0.7245 -0.0187 -0.8535 -0.8040 1027.7335
-3.0267 0.3659 -0.0106 -0.7327 -0.7358 979.3928
2.3760 -0.4813 -0.0116 -0.8387 -0.8251 1019.4243
1.8661 -0.8024 -0.0117 -0.8511 -0.8333 1002.8108
2.2126 -0.6882 -0.0170 -0.8587 -0.8364 1029.0250
1.8948 -0.3991 -0.0079 -0.8135 -0.7954 960.8168
-3.1086 0.7663 -0.0184 -0.7897 -0.7541 996.2916
1.9851 -0.3600 -0.0064 -0.8077 -0.7803 975.4661
-2.3212 0.7980 -0.0203 -0.8773 -0.8274 1058.5438
-2.4685 0.6787 -0.0228 -0.8389 -0.8197 1016.6179
-2.7483 0.5173 -0.0142 -0.8535 -0.8198 1027.8417
-2.8653 0.6080 -0.0185 -0.7295 -0.7557 979.5810
-2.7552 0.7505 -0.0169 -0.7310 -0.7239 991.3755
-2.9445 0.7822 -0.0232 -0.7860 -0.7604 995.1768
-1.9495 1.0454 -0.0173 -0.8545 -0.8441 1022.2262
-3.0478 0.7913 -0.0238 -0.7828 -0.7614 995.0700
1.9604 -0.4260 -0.0098 -0.8553 -0.8374 1014.1338
2.0010 -0.4064 -0.0090 -0.8126 -0.7929 959.1840
-3.7117 0.6476 -0.0266 -0.7682 -0.7234 993.4054
-3.1670 0.7425 -0.0178 -0.8158 -0.7968 983.4919
2.6991 0.0616 -0.0065 -0.8435 -0.7808 968.1780
0.8947 -0.6266 -0.0042 -0.8094 -0.7855 1010.9623
2.9908 -0.2613 -0.0043 -0.7997 -0.7675 1006.1288
-2.3189 0.5963 -0.0119 -0.8347 -0.7993 1000.9140
0.9390 -1.4859 -0.0113 -0.8000 -0.7529 973.2063
-2.3930 0.8415 -0.0187 -0.8619 -0.8439 1022.9201
2.6291 -0.4706 -0.0166 -0.8367 -0.8158 1007.1107
-2.8724 0.8115 -0.0255 -0.7831 -0.7559 994.8352
-2.4272 0.5931 -0.0119 -0.8323 -0.7992 1000.8363
-2.7573 0.8936 -0.0230 -0.7818 -0.7607 995.3363
-0.9179 -0.2585 0.0083 -0.7230 -0.7423 965.3447
-3.0478 0.7913 -0.0238 -0.7828 -0.7614 995.0700
-3.3197 0.6268 -0.0179 -0.7950 -0.7967 983.3408
-2.4611 0.9253 -0.0230 -0.8108 -0.7879 980.9822
2.5559 -0.2418 -0.0070 -0.7270 -0.7333 977.2214
-2.9382 0.9405 -0.0261 -0.8394 -0.7718 989.5836
-1.7933 0.4444 -0.0069 -0.8085 -0.7790 960.1719
2.3760 -0.4813 -0.0116 -0.8387 -0.8251 1019.4243
1.7558 -0.2589 -0.0015 -0.8127 -0.7945 1010.9993
-2.3686 0.6791 -0.0195 -0.8418 -0.8017 999.8451
-1.6867 0.9409 -0.0153 -0.8310 -0.7978 999.4940
-3.2948 0.7698 -0.0160 -0.7519 -0.7348 984.6540
2.2213 -0.5753 -0.0128 -0.7943 -0.7468 1020.5421
-2.8063 0.9459 -0.0233 -0.8079 -0.7589 997.3974
-2.3373 0.7791 -0.0075 -0.7679 -0.7569 986.1432
-2.6382 0.6041 -0.0187 -0.8573 -0.8038 1027.4967
-2.9207 0.9015 -0.0200 -0.7849 -0.7698 995.8121
-2.7758 1.1276 -0.0273 -0.8268 -0.7702 988.5499
-2.8724 0.8115 -0.0255 -0.7831 -0.7559 994.8352
-3.3122 0.5140 -0.0115 -0.7954 -0.7854 982.9941
2.2576 -0.2532 -0.0084 -0.7248 -0.6782 978.1212
-3.7053 0.3581 -0.0101 -0.7970 -0.7806 1050.7264
1.1285 -0.9302 -0.0112 -0.8648 -0.8484 1033.1499
2.9908 -0.2613 -0.0043 -0.7997 -0.7675 1006.1288
-1.2839 1.3852 -0.0154 -0.7892 -0.8024 974.5221
-3.2570 0.5727 -0.0143 -0.7988 -0.7751 982.8813
-2.7967 0.7844 -0.0186 -0.7973 -0.7539 996.5808
-2.7986 0.4164 -0.0135 -0.8362 -0.8061 1016.1379
1.0590 -1.0606 -0.0077 -0.8030 -0.7618 973.5601
-2.3801 0.6643 -0.0146 -0.7743 -0.7663 953.5531
1.9220 -0.1962 -0.0102 -0.8451 -0.7808 970.9240
2.5229 -0.6567 -0.0117 -0.8129 -0.7898 1006.6289
2.5870 -0.4806 -0.0114 -0.8457 -0.8314 1007.7187
-1.4446 -0.0045 -0.0031 -0.8720 -0.8645 1008.9803
-2.5437 1.0797 -0.0233 -0.8042 -0.7591 997.6109
1.0730 -0.7615 -0.0090 -0.8389 -0.8146 1003.8705
-2.2351 1.1045 -0.0189 -0.7299 -0.7172 991.2834
-2.3745 0.7869 -0.0168 -0.8409 -0.8359 1017.3221
1.5782 -0.8515 -0.0122 -0.7995 -0.7522 972.9738
-1.4446 -0.0045 -0.0031 -0.8720 -0.8645 1008.9803
-3.3122 0.5140 -0.0115 -0.7954 -0.7854 982.9941
-3.2881 0.6863 -0.0226 -0.7781 -0.7378 993.9678
1.7612 -0.6140 -0.0202 -0.8232 -0.8182 1011.5672
2.3832 -0.0706 0.0013 -0.8051 -0.7977 1021.7946
2.2576 -0.2532 -0.0084 -0.7248 -0.6782 978.1212
-3.0191 0.5776 -0.0114 -0.8559 -0.8436 1025.1818
