0.0000 0.0000 0.0000 0.0000 0.0000 600.0000
0.0000 0.0000 0.0000 0.0000 0.0000 605.0000
0.0000 0.0000 0.0000 0.0000 0.0000 610.0000
0.0000 0.0000 0.0000 0.0000 0.0000 615.0000
0.0000 0.0000 0.0000 0.0000 0.0000 620.0000
0.0000 0.0000 0.0000 0.0000 0.0000 625.0000
0.0000 0.0000 0.0000 0.0000 0.0000 630.0000
0.0000 0.0000 0.0000 0.0000 0.0000 635.0000
0.0000 0.0000 0.0000 0.0000 0.0000 640.0000
0.0000 0.0000 0.0000 0.0000 0.0000 645.0000
0.0000 0.0000 0.0000 0.0000 0.0000 650.0000
0.0000 0.0000 0.0000 0.0000 0.0000 655.0000
0.0000 0.0000 0.0000 0.0000 0.0000 660.0000
0.0000 0.0000 0.0000 0.0000 0.0000 665.0000
0.0000 0.0000 0.0000 0.0000 0.0000 670.0000
0.0000 0.0000 0.0000 0.0000 0.0000 675.0000
0.0000 0.0000 0.0000 0.0000 0.0000 680.0000
0.0000 0.0000 0.0000 0.0000 0.0000 685.0000
0.0000 0.0000 0.0000 0.0000 0.0000 690.0000
0.0000 0.0000 0.0000 0.0000 0.0000 695.0000
0.0000 0.0000 0.0000 0.0000 0.0000 700.0000
0.0000 0.0000 0.0000 0.0000 0.0000 705.0000
0.0000 0.0000 0.0000 0.0000 0.0000 710.0000
0.0000 0.0000 0.0000 0.0000 0.0000 715.0000
0.0000 0.0000 0.0000 0.0000 0.0000 720.0000
0.0000 0.0000 0.0000 0.0000 0.0000 725.0000
0.0000 0.0000 0.0000 0.0000 0.0000 730.0000
0.0000 0.0000 0.0000 0.0000 0.0000 735.0000
0.0000 0.0000 0.0000 0.0000 0.0000 740.0000
0.0000 0.0000 0.0000 0.0000 0.0000 745.0000
0.0000 0.0000 0.0000 0.0000 0.0000 750.0000
0.0000 0.0000 0.0000 0.0000 0.0000 755.0000
0.0000 0.0000 0.0000 0.0000 0.0000 760.0000
0.0000 0.0000 0.0000 0.0000 0.0000 765.0000
0.0000 0.0000 0.0000 0.0000 0.0000 770.0000
0.0000 0.0000 0.0000 0.0000 0.0000 775.0000
0.0000 0.0000 0.0000 0.0000 0.0000 780.0000
0.0000 0.0000 0.0000 0.0000 0.0000 785.0000
0.0000 0.0000 0.0000 0.0000 0.0000 790.0000
0.0000 0.0000 0.0000 0.0000 0.0000 795.0000
0.0000 0.0000 0.0000 0.0000 0.0000 800.0000
0.0000 0.0000 0.0000 0.0000 0.0000 805.0000
0.0000 0.0000 0.0000 0.0000 0.0000 810.0000
0.0000 0.0000 0.0000 0.0000 0.0000 815.0000
0.0000 0.0000 0.0000 0.0000 0.0000 820.0000
0.0000 0.0000 0.0000 0.0000 0.0000 825.0000
0.0000 0.0000 0.0000 0.0000 0.0000 830.0000
0.0000 0.0000 0.0000 0.0000 0.0000 835.0000
0.0000 0.0000 0.0000 0.0000 0.0000 840.0000
0.0000 0.0000 0.0000 0.0000 0.0000 845.0000
0.0000 0.0000 0.0000 0.0000 0.0000 850.0000
0.0000 0.0000 0.0000 0.0000 0.0000 855.0000
0.0000 0.0000 0.0000 0.0000 0.0000 860.0000
0.0000 0.0000 0.0000 0.0000 0.0000 865.0000
0.0000 0.0000 0.0000 0.0000 0.0000 870.0000
0.0000 0.0000 0.0000 0.0000 0.0000 875.0000
0.0000 0.0000 0.0000 0.0000 0.0000 880.0000
0.0000 0.0000 0.0000 0.0000 0.0000 885.0000
0.0000 0.0000 0.0000 0.0000 0.0000 890.0000
0.0000 0.0000 0.0000 0.0000 0.0000 895.0000
0.0000 0.0000 0.0000 0.0000 0.0000 900.0000
0.0000 0.0000 0.0000 0.0000 0.0000 905.0000
0.0000 0.0000 0.0000 0.0000 0.0000 910.0000
0.0000 0.0000 0.0000 0.0000 0.0000 915.0000
0.0000 0.0000 0.0000 0.0000 0.0000 920.0000
0.0000 0.0000 0.0000 0.0000 0.0000 925.0000
0.0000 0.0000 0.0000 0.0000 0.0000 930.0000
0.0000 0.0000 0.0000 0.0000 0.0000 935.0000
0.0000 0.0000 0.0000 0.0000 0.0000 940.0000
0.0000 0.0000 0.0000 0.0000 0.0000 945.0000
0.0000 0.0000 0.0000 0.0000 0.0000 950.0000
0.0000 0.0000 0.0000 0.0000 0.0000 955.0000
0.0000 0.0000 0.0000 0.0000 0.0000 960.0000
0.0000 0.0000 0.0000 0.0000 0.0000 965.0000
0.0000 0.0000 0.0000 0.0000 0.0000 970.0000
0.0000 0.0000 0.0000 0.0000 0.0000 975.0000
0.0000 0.0000 0.0000 0.0000 0.0000 980.0000
0.0000 0.0000 0.0000 0.0000 0.0000 985.0000
0.0000 0.0000 0.0000 0.0000 0.0000 990.0000
0.0000 0.0000 0.0000 0.0000 0.0000 995.0000
0.0000 0.0000 0.0000 0.0000 0.0000 1000.0000
0.0000 0.0000 0.0000 0.0000 0.0000 1005.0000
0.0000 0.0000 0.0000 0.0000 0.0000 1010.0000
0.0000 0.0000 0.0000 0.0000 0.0000 1015.0000
0.0000 0.0000 0.0000 0.0000 0.0000 1020.0000
0.0000 0.0000 0.0000 0.0000 0.0000 1025.0000
0.0000 0.0000 0.0000 0.0000 0.0000 1030.0000
0.0000 0.0000 0.0000 0.0000 0.0000 1035.0000
0.0000 0.0000 0.0000 0.0000 0.0000 1040.0000
0.0000 0.0000 0.0000 0.0000 0.0000 1045.0000
0.0000 0.0000 0.0000 0.0000 0.0000 1050.0000
0.0000 0.0000 0.0000 0.0000 0.0000 1055.0000
0.0000 0.0000 0.0000 0.0000 0.0000 1060.0000
0.0000 0.0000 0.0000 0.0000 0.0000 1065.0000
0.0000 0.0000 0.0000 0.0000 0.0000 1070.0000
0.0000 0.0000 0.0000 0.0000 0.0000 1075.0000
0.0000 0.0000 0.0000 0.0000 0.0000 1080.0000
0.0000 0.0000 0.0000 0.0000 0.0000 1085.0000
0.0000 0.0000 0.0000 0.0000 0.0000 1090.0000
0.0000 0.0000 0.0000 0.0000 0.0000 1095.0000
0.0000 0.0000 0.0000 0.0000 0.0000 1100.0000
0.0000 0.0000 0.0000 0.0000 0.0000 1105.0000
0.0000 0.0000 0.0000 0.0000 0.0000 1110.0000
0.0000 0.0000 0.0000 0.0000 0.0000 1115.0000
0.0000 0.0000 0.0000 0.0000 0.0000 1120.0000
0.0000 0.0000 0.0000 0.0000 0.0000 1125.0000
0.0000 0.0000 0.0000 0.0000 0.0000 1130.0000
0.0000 0.0000 0.0000 0.0000 0.0000 1135.0000
0.0000 0.0000 0.0000 0.0000 0.0000 1140.0000
0.0000 0.0000 0.0000 0.0000 0.0000 1145.0000
0.0000 0.0000 0.0000 0.0000 0.0000 1150.0000
0.0000 0.0000 0.0000 0.0000 0.0000 1155.0000
0.0000 0.0000 0.0000 0.0000 0.0000 1160.0000
0.0000 0.0000 0.0000 0.0000 0.0000 1165.0000
0.0000 0.0000 0.0000 0.0000 0.0000 1170.0000
0.0000 0.0000 0.0000 0.0000 0.0000 1175.0000
0.0000 0.0000 0.0000 0.0000 0.0000 1180.0000
0.0000 0.0000 0.0000 0.0000 0.0000 1185.0000
0.0000 0.0000 0.0000 0.0000 0.0000 1190.0000
0.0000 0.0000 0.0000 0.0000 0.0000 1195.0000
0.0000 0.0000 0.0000 0.0000 0.0000 1200.0000
0.0000 0.0000 0.0000 0.0000 0.0000 1205.0000
0.0000 0.0000 0.0000 0.0000 0.0000 1210.0000
0.0000 0.0000 0.0000 0.0000 0.0000 1215.0000
0.0000 0.0000 0.0000 0.0000 0.0000 1220.0000
0.0000 0.0000 0.0000 0.0000 0.0000 1225.0000
0.0000 0.0000 0.0000 0.0000 0.0000 1230.0000
0.0000 0.0000 0.0000 0.0000 0.0000 1235.0000
0.0000 0.0000 0.0000 0.0000 0.0000 1240.0000
0.0000 0.0000 0.0000 0.0000 0.0000 1245.0000
0.0000 0.0000 0.0000 0.0000 0.0000 1250.0000
0.0000 0.0000 0.0000 0.0000 0.0000 1255.0000
0.0000 0.0000 0.0000 0.0000 0.0000 1260.0000
0.0000 0.0000 0.0000 0.0000 0.0000 1265.0000
0.0000 0.0000 0.0000 0.0000 0.0000 1270.0000
0.0000 0.0000 0.0000 0.0000 0.0000 1275.0000
0.0000 0.0000 0.0000 0.0000 0.0000 1280.0000
0.0000 0.0000 0.0000 0.0000 0.0000 1285.0000
0.0000 0.0000 0.0000 0.0000 0.0000 1290.0000
0.0000 0.0000 0.0000 0.0000 0.0000 1295.0000
0.0000 0.0000 0.0000 0.0000 0.0000 1300.0000
0.0000 0.0000 0.0000 0.0000 0.0000 1305.0000
0.0000 0.0000 0.0000 0.0000 0.0000 1310.0000
0.0000 0.0000 0.0000 0.0000 0.0000 1315.0000
0.0000 0.0000 0.0000 0.0000 0.0000 1320.0000
0.0000 0.0000 0.0000 0.0000 0.0000 1325.0000
0.0000 0.0000 0.0000 0.0000 0.0000 1330.0000
0.0000 0.0000 0.0000 0.0000 0.0000 1335.0000
0.0000 0.0000 0.0000 0.0000 0.0000 1340.0000
0.0000 0.0000 0.0000 0.0000 0.0000 1345.0000
0.0000 0.0000 0.0000 0.0000 0.0000 1350.0000
0.0000 0.0000 0.0000 0.0000 0.0000 1355.0000
0.0000 0.0000 0.0000 0.0000 0.0000 1360.0000
0.0000 0.0000 0.0000 0.0000 0.0000 1365.0000
0.0000 0.0000 0.0000 0.0000 0.0000 1370.0000
0.0000 0.0000 0.0000 0.0000 0.0000 1375.0000
0.0000 0.0000 0.0000 0.0000 0.0000 1380.0000
0.0000 0.0000 0.0000 0.0000 0.0000 1385.0000
0.0000 0.0000 0.0000 0.0000 0.0000 1390.0000
0.0000 0.0000 0.0000 0.0000 0.0000 1395.0000
0.0000 0.0000 0.0000 0.0000 0.0000 1400.0000
0.0000 0.0000 0.0000 0.0000 0.0000 1405.0000
0.0000 0.0000 0.0000 0.0000 0.0000 1410.0000
0.0000 0.0000 0.0000 0.0000 0.0000 1415.0000
0.0000 0.0000 0.0000 0.0000 0.0000 1420.0000
0.0000 0.0000 0.0000 0.0000 0.0000 1425.0000
0.0000 0.0000 0.0000 0.0000 0.0000 1430.0000
0.0000 0.0000 0.0000 0.0000 0.0000 1435.0000
0.0000 0.0000 0.0000 0.0000 0.0000 1440.0000
0.0000 0.0000 0.0000 0.0000 0.0000 1445.0000
0.0000 0.0000 0.0000 0.0000 0.0000 1450.0000
0.0000 0.0000 0.0000 0.0000 0.0000 1455.0000
0.0000 0.0000 0.0000 0.0000 0.0000 1460.0000
0.0000 0.0000 0.0000 0.0000 0.0000 1465.0000
0.0000 0.0000 0.0000 0.0000 0.0000 1470.0000
0.0000 0.0000 0.0000 0.0000 0.0000 1475.0000
0.0000 0.0000 0.0000 0.0000 0.0000 1480.0000
0.0000 0.0000 0.0000 0.0000 0.0000 1485.0000
0.0000 0.0000 0.0000 0.0000 0.0000 1490.0000
0.0000 0.0000 0.0000 0.0000 0.0000 1495.0000
0.0000 0.0000 0.0000 0.0000 0.0000 1500.0000
0.0000 0.0000 0.0000 0.0000 0.0000 1505.0000
0.0000 0.0000 0.0000 0.0000 0.0000 1510.0000
0.0000 0.0000 0.0000 0.0000 0.0000 1515.0000
0.0000 0.0000 0.0000 0.0000 0.0000 1520.0000
0.0000 0.0000 0.0000 0.0000 0.0000 1525.0000
0.0000 0.0000 0.0000 0.0000 0.0000 1530.0000
0.0000 0.0000 0.0000 0.0000 0.0000 1535.0000
0.0000 0.0000 0.0000 0.0000 0.0000 1540.0000
0.0000 0.0000 0.0000 0.0000 0.0000 1545.0000
0.0000 0.0000 0.0000 0.0000 0.0000 1550.0000
0.0000 0.0000 0.0000 0.0000 0.0000 1555.0000
0.0000 0.0000 0.0000 0.0000 0.0000 1560.0000
0.0000 0.0000 0.0000 0.0000 0.0000 1565.0000
0.0000 0.0000 0.0000 0.0000 0.0000 1570.0000
0.0000 0.0000 0.0000 0.0000 0.0000 1575.0000
0.0000 0.0000 0.0000 0.0000 0.0000 1580.0000
0.0000 0.0000 0.0000 0.0000 0.0000 1585.0000
0.0000 0.0000 0.0000 0.0000 0.0000 1590.0000
0.0000 0.0000 0.0000 0.0000 0.0000 1595.0000
0.0000 0.0000 0.0000 0.0000 0.0000 1600.0000
0.0000 0.0000 0.0000 0.0000 0.0000 1605.0000
0.0000 0.0000 0.0000 0.0000 0.0000 1610.0000
0.0000 0.0000 0.0000 0.0000 0.0000 1615.0000
0.0000 0.0000 0.0000 0.0000 0.0000 1620.0000
0.0000 0.0000 0.0000 0.0000 0.0000 1625.0000
0.0000 0.0000 0.0000 0.0000 0.0000 1630.0000
0.0000 0.0000 0.0000 0.0000 0.0000 1635.0000
0.0000 0.0000 0.0000 0.0000 0.0000 1640.0000
0.0000 0.0000 0.0000 0.0000 0.0000 1645.0000
0.0000 0.0000 0.0000 0.0000 0.0000 1650.0000
0.0000 0.0000 0.0000 0.0000 0.0000 1655.0000
0.0000 0.0000 0.0000 0.0000 0.0000 1660.0000
0.0000 0.0000 0.0000 0.0000 0.0000 1665.0000
0.0000 0.0000 0.0000 0.0000 0.0000 1670.0000
0.0000 0.0000 0.0000 0.0000 0.0000 1675.0000
0.0000 0.0000 0.0000 0.0000 0.0000 1680.0000
0.0000 0.0000 0.0000 0.0000 0.0000 1685.0000
0.0000 0.0000 0.0000 0.0000 0.0000 1690.0000
0.0000 0.0000 0.0000 0.0000 0.0000 1695.0000
0.0000 0.0000 0.0000 0.0000 0.0000 1700.0000
0.0000 0.0000 0.0000 0.0000 0.0000 1705.0000
0.0000 0.0000 0.0000 0.0000 0.0000 1710.0000
0.0000 0.0000 0.0000 0.0000 0.0000 1715.0000
0.0000 0.0000 0.0000 0.0000 0.0000 1720.0000
0.0000 0.0000 0.0000 0.0000 0.0000 1725.0000
0.0000 0.0000 0.0000 0.0000 0.0000 1730.0000
0.0000 0.0000 0.0000 0.0000 0.0000 1735.0000
0.0000 0.0000 0.0000 0.0000 0.0000 1740.0000
0.0000 0.0000 0.0000 0.0000 0.0000 1745.0000
0.0000 0.0000 0.0000 0.0000 0.0000 1750.0000
0.0000 0.0000 0.0000 0.0000 0.0000 1755.0000
0.0000 0.0000 0.0000 0.0000 0.0000 1760.0000
0.0000 0.0000 0.0000 0.0000 0.0000 1765.0000
0.0000 0.0000 0.0000 0.0000 0.0000 1770.0000
0.0000 0.0000 0.0000 0.0000 0.0000 1775.0000
0.0000 0.0000 0.0000 0.0000 0.0000 1780.0000
0.0000 0.0000 0.0000 0.0000 0.0000 1785.0000
0.0000 0.0000 0.0000 0.0000 0.0000 1790.0000
0.0000 0.0000 0.0000 0.0000 0.0000 1795.0000
0.0000 0.0000 0.0000 0.0000 0.0000 1800.0000
0.0000 0.0000 0.0000 0.0000 0.0000 1805.0000
0.0000 0.0000 0.0000 0.0000 0.0000 1810.0000
0.0000 0.0000 0.0000 0.0000 0.0000 1815.0000
0.0000 0.0000 0.0000 0.0000 0.0000 1820.0000
0.0000 0.0000 0.0000 0.0000 0.0000 1825.0000
0.0000 0.0000 0.0000 0.0000 0.0000 1830.0000
0.0000 0.0000 0.0000 0.0000 0.0000 1835.0000
0.0000 0.0000 0.0000 0.0000 0.0000 1840.0000
0.0000 0.0000 0.0000 0.0000 0.0000 1845.0000
0.0000 0.0000 0.0000 0.0000 0.0000 1850.0000
0.0000 0.0000 0.0000 0.0000 0.0000 1855.0000
0.0000 0.0000 0.0000 0.0000 0.0000 1860.0000
0.0000 0.0000 0.0000 0.0000 0.0000 1865.0000
0.0000 0.0000 0.0000 0.0000 0.0000 1870.0000
0.0000 0.0000 0.0000 0.0000 0.0000 1875.0000
0.0000 0.0000 0.0000 0.0000 0.0000 1880.0000
0.0000 0.0000 0.0000 0.0000 0.0000 1885.0000
0.0000 0.0000 0.0000 0.0000 0.0000 1890.0000
0.0000 0.0000 0.0000 0.0000 0.0000 1895.0000
0.0000 0.0000 0.0000 0.0000 0.0000 1900.0000
0.0000 0.0000 0.0000 0.0000 0.0000 1905.0000
0.0000 0.0000 0.0000 0.0000 0.0000 1910.0000
0.0000 0.0000 0.0000 0.0000 0.0000 1915.0000
0.0000 0.0000 0.0000 0.0000 0.0000 1920.0000
0.0000 0.0000 0.0000 0.0000 0.0000 1925.0000
0.0000 0.0000 0.0000 0.0000 0.0000 1930.0000
0.0000 0.0000 0.0000 0.0000 0.0000 1935.0000
0.0000 0.0000 0.0000 0.0000 0.0000 1940.0000
0.0000 0.0000 0.0000 0.0000 0.0000 1945.0000
0.0000 0.0000 0.0000 0.0000 0.0000 1950.0000
0.0000 0.0000 0.0000 0.0000 0.0000 1955.0000
0.0000 0.0000 0.0000 0.0000 0.0000 1960.0000
0.0000 0.0000 0.0000 0.0000 0.0000 1965.0000
0.0000 0.0000 0.0000 0.0000 0.0000 1970.0000
0.0000 0.0000 0.0000 0.0000 0.0000 1975.0000
0.0000 0.0000 0.0000 0.0000 0.0000 1980.0000
0.0000 0.0000 0.0000 0.0000 0.0000 1985.0000
0.0000 0.0000 0.0000 0.0000 0.0000 1990.0000
0.0000 0.0000 0.0000 0.0000 0.0000 1995.0000
0.0000 0.0000 0.0000 0.0000 0.0000 2000.0000
0.0000 0.0000 0.0000 0.0000 0.0000 2005.0000
0.0000 0.0000 0.0000 0.0000 0.0000 2010.0000
0.0000 0.0000 0.0000 0.0000 0.0000 2015.0000
0.0000 0.0000 0.0000 0.0000 0.0000 2020.0000
0.0000 0.0000 0.0000 0.0000 0.0000 2025.0000
0.0000 0.0000 0.0000 0.0000 0.0000 2030.0000
0.0000 0.0000 0.0000 0.0000 0.0000 2035.0000
0.0000 0.0000 0.0000 0.0000 0.0000 2040.0000
0.0000 0.0000 0.0000 0.0000 0.0000 2045.0000
0.0000 0.0000 0.0000 0.0000 0.0000 2050.0000
0.0000 0.0000 0.0000 0.0000 0.0000 2055.0000
0.0000 0.0000 0.0000 0.0000 0.0000 2060.0000
0.0000 0.0000 0.0000 0.0000 0.0000 2065.0000
0.0000 0.0000 0.0000 0.0000 0.0000 2070.0000
0.0000 0.0000 0.0000 0.0000 0.0000 2075.0000
0.0000 0.0000 0.0000 0.0000 0.0000 2080.0000
0.0000 0.0000 0.0000 0.0000 0.0000 2085.0000
0.0000 0.0000 0.0000 0.0000 0.0000 2090.0000
0.0000 0.0000 0.0000 0.0000 0.0000 2095.0000
0.0000 0.0000 0.0000 0.0000 0.0000 2100.0000
