-2.4362 0.1720 0.3430 -3.9180 -44.9808 2008.6382
-2.5657 -0.5866 0.2804 -15.4563 22.1489 1515.7020
1.7297 -0.6719 0.3373 -72.2365 -0.3747 1312.8762
1.2260 -0.3379 1.0686 4.4585 -43.0288 2588.2619
2.0344 0.0018 0.4955 -109.9868 11.2250 2103.8016
-2.9941 -0.8432 -2.5541 89.7291 65.0361 1418.6273
2.9523 -0.8504 -2.3288 73.0862 162.8601 2251.7146
3.1398 -0.3632 -1.2605 93.0873 30.2408 1251.1483
3.0956 -0.3656 -0.9800 81.7149 53.6178 1247.1638
3.1402 -0.3613 -0.7363 64.7929 73.1553 1252.0238
-3.1368 -0.3605 -0.4751 43.3432 87.7538 1252.8194
-3.1400 -0.3611 -0.2129 18.8453 96.1733 1252.5628
-3.1407 -0.3635 0.0481 -6.9444 98.0188 1251.5076
3.1392 -0.3639 0.3114 -32.3672 93.0267 1250.6158
2.5142 0.2122 -1.1878 68.5682 41.3222 1114.2343
2.5109 0.2133 -0.9254 55.0917 57.8581 1113.2419
2.5111 0.2129 -0.6637 37.9713 70.3555 1113.4381
2.5115 0.2131 -0.4017 18.1992 78.0141 1113.5455
2.5117 0.2117 -0.1405 -2.8619 80.3096 1113.5867
2.5132 0.2106 0.1212 -23.7475 77.1209 1113.9358
2.5225 0.1940 0.3976 -43.3692 68.8628 1114.5536
-0.7850 0.0011 -0.7890 -0.3203 -0.2357 994.1471
-0.7844 0.0002 -0.5234 -0.8319 -0.8492 1000.0886
-0.7852 0.0001 -0.2617 -0.7998 -0.8284 1000.1311
-0.7847 -0.0002 -0.0002 -0.8066 -0.8374 1000.1075
-0.7859 -0.0012 0.2615 -0.8553 -0.8078 999.8685
-0.7858 -0.0020 0.5234 -0.8761 -0.8440 999.5953
-0.7866 -0.0014 0.7851 -0.8502 -0.9026 999.4714
0.7449 -0.2319 -0.7844 -1.1263 0.9954 903.8643
0.7450 -0.2327 -0.5225 -1.5310 0.8264 903.9198
0.7451 -0.2318 -0.2607 -1.9797 0.6157 903.9703
0.7450 -0.2319 0.0010 -2.2985 0.2423 904.1341
0.7470 -0.2251 0.2616 -3.1572 -0.1176 903.5887
0.7445 -0.2325 0.5245 -2.5947 -0.6557 903.7947
0.7443 -0.2333 0.7863 -2.5243 -1.1250 903.6047
0.7993 -0.4587 -0.7805 -0.8566 -0.0411 848.1014
0.7985 -0.4591 -0.5182 -1.0372 -0.1437 848.2626
0.7983 -0.4584 -0.2565 -1.2178 -0.2217 848.3690
0.7979 -0.4580 0.0053 -1.3550 -0.3629 848.3869
0.7983 -0.4588 0.2670 -1.3882 -0.5231 848.3275
0.7979 -0.4592 0.5291 -1.4418 -0.7096 848.2329
0.7972 -0.4586 0.7910 -1.3893 -0.8958 848.5384
0.8135 -0.6807 -0.7753 -0.5718 -1.3073 834.8438
0.8084 -0.6795 -0.5144 -0.3669 -1.0927 835.7193
0.8132 -0.6811 -0.2518 -0.2876 -1.1501 834.7540
0.8132 -0.6801 0.0099 -0.2421 -1.0096 835.3150
0.8096 -0.6827 0.2737 0.0210 -1.0723 833.4808
0.8093 -0.6832 0.5357 0.0930 -0.8791 833.3470
0.8118 -0.6821 0.7967 -0.0348 -0.5488 834.6035
1.0948 -1.1125 1.5641 -23.5701 -38.4117 1997.4776
-2.1055 -0.0652 0.6431 1.6630 -7.5560 1911.4028
0.1478 -0.7108 1.4207 84.8598 -61.1243 1956.5975
1.0606 -0.7005 1.3361 29.6876 -9.1219 2343.2666
-2.5712 -1.3760 2.8080 66.7897 32.8336 1293.4120
0.6784 -1.1184 -0.7059 -61.9978 95.0766 2046.5096
3.0294 -1.1882 -2.4323 31.8554 116.3720 1910.5663
-0.5244 -0.5244 -0.7860 -0.9481 -0.7853 998.7557
-0.5238 -0.5255 -0.5243 -0.8766 -0.8243 999.0231
-0.5226 -0.5241 -0.2621 -0.8319 -0.8509 999.9841
-0.5237 -0.5246 0.0001 -0.8553 -0.8739 999.5841
-0.5243 -0.5248 0.2617 -0.8641 -0.8458 999.8576
-0.5250 -0.5251 0.5234 -0.8919 -0.8704 999.4777
-0.5259 -0.5258 0.7856 -0.8550 -0.8841 998.8157
-0.5249 -0.2634 -0.7854 -0.9050 -0.8092 998.7847
-0.5236 -0.2627 -0.5237 -0.8585 -0.8310 999.4942
-0.5230 -0.2618 -0.2617 -0.8219 -0.8447 1000.3005
-0.5227 -0.2631 -0.0001 -0.8459 -0.8826 1000.0249
-0.5254 -0.2631 0.2617 -0.8832 -0.8376 999.3592
-0.5259 -0.2635 0.5234 -0.8908 -0.8533 999.2881
-0.5243 -0.2627 0.7852 -0.8364 -0.8401 1000.2600
-0.5227 -0.0030 -0.7854 -0.8161 -0.7657 994.2347
-0.5214 -0.0036 -0.5236 -0.8367 -0.7584 994.4022
-0.5221 -0.0034 -0.2618 -0.8682 -0.7319 994.3171
-0.5223 -0.0033 -0.0001 -0.8832 -0.7582 994.6235
-0.5228 -0.0042 0.2617 -0.9190 -0.7681 994.3066
-0.5236 -0.0060 0.5235 -0.9543 -0.7964 993.8395
-0.5219 -0.0051 0.7854 -0.9115 -0.8678 994.0533
0.5050 -0.2211 -0.7835 -0.8024 0.2403 912.7360
0.5045 -0.2207 -0.5214 -1.0871 0.2042 912.8243
0.5044 -0.2209 -0.2597 -1.3132 0.1116 913.0958
0.5040 -0.2200 0.0021 -1.5554 -0.0700 913.4054
0.5039 -0.2197 0.2638 -1.7218 -0.2918 913.3770
0.5038 -0.2197 0.5255 -1.8395 -0.5422 913.1800
0.5030 -0.2222 0.7879 -1.7211 -0.8180 912.7614
0.5597 -0.4251 -0.7784 -0.6819 -0.7743 871.9169
0.5595 -0.4257 -0.5166 -0.6933 -0.7516 871.7273
0.5601 -0.4254 -0.2549 -0.7234 -0.7119 871.8768
0.5597 -0.4248 0.0067 -0.7428 -0.7109 872.0101
0.5594 -0.4248 0.2686 -0.7628 -0.7018 872.0719
0.5596 -0.4257 0.5305 -0.7905 -0.7086 871.5094
0.5577 -0.4259 0.7933 -0.6591 -0.7202 871.9432
0.5618 -0.6458 -0.7727 -0.6159 -1.9167 867.1252
0.5598 -0.6465 -0.5100 -0.3532 -1.9466 867.1176
0.5615 -0.6456 -0.2489 -0.0635 -1.6983 867.6423
0.5613 -0.6451 0.0127 0.1397 -1.4827 867.8816
0.5601 -0.6465 0.2752 0.3727 -1.2808 867.0477
0.5565 -0.6496 0.5393 0.8476 -1.1523 865.4306
0.5603 -0.6470 0.7992 0.4959 -0.6146 867.0439
1.2053 -1.0147 1.6488 -11.1940 -8.2204 1337.1282
-2.5544 0.0641 0.6679 -44.7625 15.2838 1751.1726
-1.0000 -1.0000 -1.0000 -1.0000 -1.0000 -1.0000
-0.2515 -0.7704 1.8683 107.3246 -32.4854 1724.1231
-0.2765 0.9337 2.0260 84.4573 31.8592 2203.9002
-0.4338 -0.8160 2.3773 86.2279 33.1255 1765.0833
0.0000 -0.0000 0.0000 6.5255 43.0802 382.7985
-0.2619 -0.5234 -0.7859 -0.8231 -0.8125 999.9949
-0.2612 -0.5242 -0.5238 -0.8373 -0.8662 999.8313
-0.2608 -0.5242 -0.2620 -0.8108 -0.8657 1000.1898
-0.2610 -0.5239 -0.0005 -0.8390 -0.8285 1000.5423
-0.2617 -0.5241 0.2612 -0.8408 -0.8084 1000.5104
-0.2629 -0.5243 0.5232 -0.8849 -0.8361 1000.1193
-0.2630 -0.5247 0.7854 -0.8847 -0.8312 1000.1744
-0.2863 -0.2441 -0.7852 -0.7546 -0.8899 983.8882
-0.2866 -0.2451 -0.5229 -0.7793 -0.9255 983.5215
-0.2861 -0.2447 -0.2613 -0.7225 -0.8756 984.0548
-0.2864 -0.2453 0.0008 -0.7371 -0.8666 983.7458
-0.2870 -0.2449 0.2623 -0.7526 -0.8263 983.9947
-0.2890 -0.2462 0.5242 -0.7735 -0.8099 983.4996
-0.2890 -0.2452 0.7862 -0.7959 -0.7575 983.9107
-0.1728 -0.0354 -0.7863 -0.7708 -0.2212 996.8106
-0.1705 -0.0336 -0.5240 -0.9404 -0.3203 997.0712
-0.1730 -0.0322 -0.2625 -1.0812 -0.3264 997.0685
-0.1694 -0.0333 -0.0009 -1.2163 -0.3908 997.0715
-0.1756 -0.0366 0.2609 -1.3497 -0.5007 996.6732
-0.1749 -0.0358 0.5225 -1.4153 -0.6408 996.7143
-0.1818 -0.0341 0.7845 -1.5004 -0.7407 996.8141
0.2937 -0.1792 -0.7827 -0.6955 -0.5535 932.7963
0.2931 -0.1806 -0.5207 -0.7386 -0.6002 932.6737
0.2938 -0.1801 -0.2589 -0.7890 -0.5737 932.8677
0.2922 -0.1788 0.0030 -0.8882 -0.5733 933.2283
0.2935 -0.1799 0.2646 -0.9240 -0.6007 932.7550
0.2919 -0.1777 0.5264 -1.0051 -0.6730 933.2748
0.2939 -0.1809 0.7880 -1.0361 -0.6627 932.6059
0.3204 -0.3579 -0.7780 -0.6996 -1.5037 913.1538
0.3197 -0.3581 -0.5159 -0.4977 -1.4842 913.2415
0.3199 -0.3585 -0.2541 -0.3436 -1.4018 913.1488
0.3202 -0.3583 0.0076 -0.1985 -1.2420 913.3651
0.3192 -0.3575 0.2693 -0.1292 -1.0869 913.6283
0.3195 -0.3585 0.5314 -0.0316 -0.8912 913.1213
0.3191 -0.3592 0.7933 -0.0164 -0.7157 912.8601
0.2953 -0.5931 -0.7714 -0.7911 -2.6135 913.7605
0.2950 -0.5938 -0.5093 -0.3377 -2.6047 913.4334
0.2950 -0.5936 -0.2475 0.1299 -2.4012 913.9519
0.2940 -0.5929 0.0143 0.4867 -2.1164 914.4481
0.2940 -0.5925 0.2759 0.7544 -1.7218 914.4652
0.2947 -0.5928 0.5378 0.9515 -1.2841 914.2105
0.2934 -0.5941 0.8006 1.1126 -0.8259 913.7245
1.0469 -0.9235 1.6895 -15.1910 -15.9068 1443.1538
0.7098 0.6986 1.7096 78.4182 -88.0744 1442.8327
0.1934 -0.8015 1.7355 106.1285 -21.1974 1867.6361
0.8404 -1.0241 1.5055 26.2002 -9.7119 1298.2333
0.7237 -0.7706 1.5180 12.0269 33.4254 2552.8338
-2.6298 -0.6367 1.9808 -24.8149 -2.7484 1385.0665
0.0000 -0.0000 0.0000 22.2755 23.5974 400.1174
0.0023 -0.5239 -0.7863 -0.7934 -0.8757 999.7810
0.0025 -0.5242 -0.5242 -0.7991 -0.8466 1000.1927
0.0017 -0.5243 -0.2625 -0.8205 -0.8231 1000.2493
0.0011 -0.5255 -0.0006 -0.7951 -0.8330 1000.2982
0.0008 -0.5240 0.2612 -0.8379 -0.8086 1000.5532
0.0011 -0.5241 0.5229 -0.8588 -0.7847 1000.4357
-0.0004 -0.5241 0.7854 -0.9000 -0.8993 1000.1690
0.0010 -0.1925 -0.7847 -0.8656 -1.0542 997.0507
0.0023 -0.1956 -0.5230 -0.7037 -1.0493 997.4331
0.0010 -0.1963 -0.2611 -0.6695 -1.0337 997.4360
0.0010 -0.1949 0.0005 -0.6619 -0.9528 997.8158
-0.0016 -0.1962 0.2624 -0.6225 -0.8910 997.6495
-0.0045 -0.1952 0.5242 -0.6500 -0.8666 997.6684
-0.0017 -0.1960 0.7863 -0.6141 -0.7736 997.7197
0.0030 0.0274 -0.7853 -0.8711 -0.9033 999.9444
0.0342 0.0003 -0.5236 -0.8258 -0.8316 1000.0422
-0.0251 0.0172 -0.2617 -0.8080 -0.8506 1000.2896
0.0233 0.0058 -0.0001 -0.8293 -0.8246 1000.1570
-0.0395 0.0014 0.2613 -0.8806 -0.7944 999.9857
0.0311 -0.0126 0.5232 -0.8539 -0.8051 1000.1212
-0.0681 0.0120 0.7848 -0.9714 -0.7892 999.4545
0.1065 0.0118 -0.7828 -0.7477 -1.4989 987.2811
0.1186 0.0031 -0.5209 -0.6018 -1.4003 986.4790
0.1177 0.0063 -0.2593 -0.4901 -1.3261 986.5299
0.1189 0.0068 0.0024 -0.4013 -1.1902 986.4506
0.1210 0.0080 0.2641 -0.3128 -1.0652 986.3313
0.1230 0.0123 0.5258 -0.3142 -0.9219 985.9996
0.1107 0.0077 0.7879 -0.1909 -0.7308 986.8469
0.0017 0.5225 -0.7847 -0.8962 -0.7756 999.9814
0.0002 0.5241 -0.5228 -0.7999 -0.8631 1000.0593
0.0007 0.5226 -0.2612 -0.8240 -0.8279 1000.2767
0.0001 0.5204 0.0003 -0.8176 -0.8150 1000.9509
0.0002 0.5218 0.2620 -0.8138 -0.8181 1000.4049
0.0009 0.5211 0.5237 -0.8456 -0.8140 1000.4829
-0.0003 0.5211 0.7854 -0.8436 -0.8323 1000.3899
0.0017 0.7854 -0.7839 -0.9606 -0.7892 999.6759
0.0018 0.7852 -0.5221 -0.8342 -0.8725 1000.0631
0.0014 0.7845 -0.2606 -0.8297 -0.8363 1000.3654
0.0005 0.7841 0.0005 -0.8561 -0.8136 1000.3612
-0.0188 -0.5334 0.2762 1.2024 -2.3658 964.4420
0.0006 0.7840 0.5235 -0.8617 -0.8260 1000.0680
-0.0003 0.7853 0.7855 -0.7867 -0.7994 999.7307
0.2662 -0.7866 -0.7876 -0.7691 -0.8501 998.9102
0.2638 -0.7870 -0.5243 -0.8060 -0.8909 999.2257
0.2645 -0.7866 -0.2632 -0.8181 -0.8220 999.7898
0.2647 -0.7864 -0.0015 -0.8139 -0.8182 999.7597
0.2640 -0.7860 0.2603 -0.8565 -0.7948 1000.3768
-2.9256 -0.4318 2.3339 -5.3147 0.3395 1502.4042
0.2638 -0.7875 0.7848 -0.7982 -0.8085 998.9492
0.2641 -0.5239 -0.7860 -0.7827 -0.8226 1000.1878
0.2649 -0.5255 -0.5242 -0.7595 -0.8724 999.4045
0.2642 -0.5247 -0.2625 -0.8133 -0.8348 999.8929
0.2654 -0.5251 -0.0011 -0.7951 -0.8121 999.7938
0.2642 -0.5237 0.2606 -0.8863 -0.7675 1000.5536
0.2642 -0.5247 0.5231 -0.8514 -0.7958 999.9092
0.2620 -0.5254 0.7854 -0.8027 -0.8686 999.8438
0.2805 -0.2500 -0.7854 -0.8031 -0.9908 996.8808
0.2807 -0.2518 -0.5235 -0.7220 -1.0023 996.4574
0.2801 -0.2506 -0.2618 -0.7165 -0.9362 997.0917
0.2785 -0.2499 0.0001 -0.7111 -0.9190 997.5964
0.2784 -0.2489 0.2616 -0.7135 -0.8540 997.9536
0.2780 -0.2500 0.5235 -0.7131 -0.8304 997.5406
0.2767 -0.2510 0.7859 -0.6169 -0.8545 996.9346
0.3275 -0.0191 -0.7846 -0.8527 -1.4073 1002.4524
0.3268 -0.0223 -0.5227 -0.6517 -1.4330 1002.5380
0.3275 -0.0217 -0.2611 -0.5216 -1.3272 1002.7309
0.3275 -0.0222 0.0005 -0.4346 -1.2290 1002.5014
0.3297 -0.0194 0.2621 -0.3780 -1.0971 1002.3372
0.3279 -0.0201 0.5240 -0.3037 -0.9528 1002.5215
0.3303 -0.0210 0.7858 -0.2662 -0.8720 1002.3430
0.2639 0.2637 -0.7848 -0.8424 -0.8361 1000.0552
0.2628 0.2615 -0.5233 -0.8275 -0.8480 1000.1782
0.2636 0.2594 -0.2615 -0.8112 -0.8389 1000.2289
0.2626 0.2586 0.0000 -0.8104 -0.8244 1000.5106
0.2644 0.2585 0.2618 -0.8491 -0.8059 1000.0471
0.2640 0.2590 0.5234 -0.8715 -0.8066 999.9408
0.2622 0.2647 0.7860 -0.8005 -0.9289 999.6132
0.2638 0.5237 -0.7848 -0.8259 -0.8211 1000.1095
0.2639 0.5233 -0.5227 -0.8453 -0.8395 1000.0396
0.2627 0.5226 -0.2609 -0.7873 -0.8646 1000.4873
0.2635 0.5229 0.0007 -0.8508 -0.8488 999.8856
0.2631 0.5213 0.2618 -0.8414 -0.7958 1000.4447
0.2639 0.5226 0.5236 -0.8906 -0.8429 999.6099
0.2643 0.5235 0.7859 -0.8633 -0.8948 999.2293
0.2644 0.7859 -0.7842 -0.8456 -0.8124 999.5632
0.2647 0.7858 -0.5218 -0.8518 -0.8598 999.4228
0.2633 0.7852 -0.2602 -0.8092 -0.8786 999.9364
0.2643 0.7847 0.0012 -0.8706 -0.8701 999.7900
0.2629 0.7847 0.2624 -0.8483 -0.8265 999.9198
0.2632 0.7842 0.5237 -0.8843 -0.8268 999.8948
0.2643 0.7858 0.7866 -0.7832 -0.9774 998.3098
0.5286 -0.7863 -0.7881 -0.7603 -0.8131 998.6420
0.5278 -0.7873 -0.5254 -0.7747 -0.8488 998.4564
0.5261 -0.7866 -0.2631 -0.8076 -0.8408 999.3832
0.5279 -0.7858 -0.0025 -0.8683 -0.7597 999.6108
0.5267 -0.7861 0.2598 -0.8714 -0.7807 999.6484
0.5253 -0.7882 0.5231 -0.7132 -0.8911 997.5748
0.5265 -0.7882 0.7843 -0.8178 -0.7571 997.9850
0.5276 -0.5265 -0.7865 -0.7393 -0.8988 998.3571
0.5262 -0.5258 -0.5243 -0.7743 -0.8537 999.2460
0.5265 -0.5254 -0.2631 -0.7879 -0.8016 999.2291
0.5274 -0.5247 -0.0015 -0.8229 -0.7741 999.5371
0.5261 -0.5250 0.2609 -0.8276 -0.7839 999.3752
0.5274 -0.5266 0.5222 -0.8457 -0.7397 998.1571
0.5262 -0.5266 0.7850 -0.8106 -0.7422 998.9010
0.5256 -0.2642 -0.7855 -0.7880 -0.8768 999.6071
0.5258 -0.2641 -0.5239 -0.7910 -0.8610 999.4829
0.5263 -0.2636 -0.2623 -0.7845 -0.8279 999.5380
0.5249 -0.2627 -0.0003 -0.8420 -0.7876 1000.0763
0.5258 -0.2630 0.2611 -0.8469 -0.7897 999.8156
0.5250 -0.2632 0.5231 -0.8743 -0.7999 999.6492
0.5248 -0.2645 0.7855 -0.8359 -0.7586 999.7630
0.5244 0.0003 -0.7857 -0.8288 -0.8460 995.4651
0.5251 -0.0002 -0.5235 -0.7815 -0.8054 995.6657
0.5253 0.0008 -0.2618 -0.8229 -0.7705 995.7692
0.5250 0.0006 -0.0003 -0.8627 -0.6972 995.6934
0.5253 0.0012 0.2617 -0.8797 -0.7797 995.6508
0.5252 0.0006 0.5233 -0.9045 -0.7750 995.4335
0.5225 0.0005 0.7855 -0.9262 -0.7941 995.5558
0.5255 0.2637 -0.7849 -0.8636 -0.8150 999.7827
0.5248 0.2613 -0.5232 -0.8188 -0.8433 1000.1496
0.5258 0.2614 -0.2615 -0.8389 -0.8247 999.9307
0.5245 0.2603 0.0001 -0.8353 -0.8295 1000.0975
0.5255 0.2615 0.2619 -0.8826 -0.8277 999.7264
0.5249 0.2618 0.5236 -0.8695 -0.8305 999.7251
0.5255 0.2600 0.7850 -0.8992 -0.7760 999.8594
2.6319 0.3415 -1.2306 74.3474 41.3659 1070.6455
2.6305 0.3416 -0.9689 60.8553 59.4158 1070.4201
2.6274 0.3413 -0.7066 42.9834 73.2682 1070.0815
2.6287 0.3413 -0.4452 22.3325 82.1245 1070.1567
2.6298 0.3404 -0.1835 0.0864 85.3470 1070.4546
2.6295 0.3404 0.0781 -22.2755 82.6645 1070.3781
2.6284 0.3398 0.3397 -43.1578 74.3306 1070.2860
2.8210 0.6886 -1.3709 86.2261 35.9992 1120.0065
2.8209 0.6891 -1.1090 73.6648 57.2766 1119.4512
2.8196 0.6871 -0.8466 55.9861 74.6455 1120.1343
2.8193 0.6861 -0.5851 34.5452 86.8563 1120.7408
2.8203 0.6873 -0.3238 10.6274 92.9957 1119.9742
2.8202 0.6880 -0.0627 -14.0357 92.8106 1119.2245
2.8203 0.6881 0.1988 -37.8551 86.2507 1119.0865
0.7899 -0.7874 -0.7876 -0.7661 -0.9020 996.9518
0.7880 -0.7867 -0.5251 -0.8148 -0.8589 998.4261
0.7887 -0.7865 -0.2641 -0.8180 -0.8197 998.0598
0.7896 -0.7857 -0.0030 -0.9268 -0.7482 998.2579
0.7896 -0.7869 0.2594 -0.8342 -0.7758 997.6422
-1.0000 -1.0000 -1.0000 -1.0000 -1.0000 -1.0000
0.7875 -0.7883 0.7846 -0.8238 -0.7715 997.7602
0.7890 -0.5271 -0.7867 -0.7432 -0.8834 997.5421
0.7883 -0.5271 -0.5245 -0.7504 -0.8925 998.2145
0.7886 -0.5248 -0.2631 -0.7977 -0.7953 999.3209
0.7886 -0.5246 -0.0014 -0.8544 -0.7784 999.1664
0.7870 -0.5268 0.2615 -0.7565 -0.7684 999.0916
0.7876 -0.5262 0.5228 -0.8120 -0.8081 998.2412
0.7883 -0.5273 0.7843 -0.8250 -0.7455 997.7162
0.7876 -0.2645 -0.7860 -0.7858 -0.8614 999.0327
0.7872 -0.2648 -0.5240 -0.7762 -0.8654 999.1282
0.7874 -0.2640 -0.2622 -0.8040 -0.8334 999.2931
0.7876 -0.2638 -0.0007 -0.8164 -0.7975 999.3824
0.7875 -0.2637 0.2611 -0.8104 -0.7852 999.3534
0.7863 -0.2622 0.5260 -0.4092 -1.2325 1000.7389
0.7874 -0.2658 0.7846 -0.8696 -0.7534 998.7276
0.7901 0.0001 -0.7856 -0.7458 -0.7968 994.7150
0.7895 0.0037 -0.5234 -0.8128 -0.8912 995.1450
0.7894 -0.0010 -0.2619 -0.7711 -0.8123 994.8110
0.7883 -0.0008 -0.0002 -0.7989 -0.8174 995.0315
0.7889 0.0004 0.2616 -0.8253 -0.7980 994.8877
-1.0000 -1.0000 -1.0000 -1.0000 -1.0000 -1.0000
0.7886 -0.0002 0.7853 -0.9833 -0.7229 994.7069
-2.2992 -0.0372 -1.0934 55.8599 30.9981 1017.2544
-2.3080 -0.0439 -0.8359 46.1328 45.3859 1014.3835
-2.3061 -0.0460 -0.5739 32.4543 55.9448 1013.4658
-2.2982 -0.0387 -0.3082 16.6974 61.7365 1016.8594
-2.3079 -0.0447 -0.0507 -0.3139 65.0716 1014.2660
-2.3002 -0.0379 0.2151 -16.9159 62.2007 1017.2440
-2.2984 -0.0497 0.4703 -33.2563 55.7957 1009.5427
-2.5923 0.1492 -1.1591 78.6183 24.8671 1184.4679
-2.5925 0.1504 -0.8969 69.2405 44.5123 1184.7685
-2.5923 0.1492 -0.6353 55.1062 61.1639 1184.8545
-2.5910 0.1469 -0.3736 37.0963 73.5741 1184.7640
-2.5940 0.1495 -0.1123 16.5738 80.9576 1185.5772
-2.5732 0.1533 0.1552 -4.9935 81.3870 1185.4606
-2.5742 0.1549 0.4173 -26.1689 77.5480 1185.3942
2.8175 -0.5264 -1.2238 90.6969 13.9630 1182.2944
2.8145 -0.5243 -0.9603 83.4487 37.1948 1183.2626
2.8191 -0.5274 -0.7006 70.9759 57.8809 1181.7210
0.0000 -0.0000 0.0000 -55.5631 1.4772 857.9155
2.8018 -0.5135 -0.1710 31.6316 85.2185 1192.6488
2.8014 -0.5149 0.0911 8.1872 90.6733 1191.5688
2.8171 -0.5270 0.3472 -15.9745 90.7298 1182.5742
