-45.0475 -44.8835 -44.9912 -0.0179 -0.0269 1001.0369
-45.0475 -44.8835 -29.9912 -0.0103 -0.0306 1001.0369
-45.0475 -44.8835 -14.9912 -0.0020 -0.0322 1001.0369
-45.0475 -44.8835 0.0088 0.0064 -0.0316 1001.0369
-45.0475 -44.8835 15.0088 0.0143 -0.0289 1001.0368
-45.0475 -44.8835 30.0088 0.0213 -0.0242 1001.0368
-45.0475 -44.8835 45.0088 0.0269 -0.0179 1001.0369
-45.0681 -29.8896 -44.9946 -0.0078 -0.0313 1000.6538
-45.0681 -29.8896 -29.9946 0.0005 -0.0322 1000.6538
-45.0681 -29.8896 -14.9946 0.0089 -0.0310 1000.6538
-45.0681 -29.8896 0.0054 0.0166 -0.0277 1000.6537
-45.0681 -29.8896 15.0054 0.0232 -0.0224 1000.6538
-45.0681 -29.8896 30.0054 0.0282 -0.0157 1000.6538
-45.0681 -29.8896 45.0054 0.0313 -0.0078 1000.6538
-45.0637 -14.9453 -44.9972 0.0001 -0.0230 999.9203
-45.0637 -14.9453 -29.9972 0.0060 -0.0222 999.9202
-45.0637 -14.9453 -14.9972 0.0116 -0.0199 999.9203
-45.0637 -14.9453 0.0028 0.0163 -0.0162 999.9202
-45.0637 -14.9453 15.0028 0.0199 -0.0114 999.9202
-45.0637 -14.9453 30.0028 0.0222 -0.0059 999.9202
-45.0637 -14.9453 45.0028 0.0230 0.0001 999.9202
-45.0143 0.0022 -44.9994 0.0007 -0.0042 999.8417
-45.0143 0.0022 -29.9994 0.0017 -0.0039 999.8417
-45.0143 0.0022 -14.9994 0.0027 -0.0033 999.8416
-45.0143 0.0022 0.0006 0.0034 -0.0025 999.8417
-45.0144 0.0022 15.0006 0.0039 -0.0015 999.8416
-45.0143 0.0022 30.0006 0.0042 -0.0004 999.8416
-45.0143 0.0022 45.0006 0.0042 0.0007 999.8417
-45.0220 14.9918 -44.9990 0.0018 -0.0076 999.7549
-45.0220 14.9918 -29.9990 0.0037 -0.0069 999.7549
-45.0220 14.9918 -14.9990 0.0054 -0.0057 999.7549
-45.0220 14.9918 0.0010 0.0067 -0.0042 999.7549
-45.0220 14.9918 15.0010 0.0075 -0.0023 999.7550
-45.0220 14.9918 30.0010 0.0078 -0.0003 999.7549
-45.0220 14.9918 45.0010 0.0076 0.0018 999.7549
-45.0578 29.9464 -44.9961 0.0078 -0.0297 999.4921
-45.0578 29.9465 -29.9961 0.0153 -0.0266 999.4921
-45.0578 29.9465 -14.9961 0.0216 -0.0218 999.4921
-45.0578 29.9465 0.0039 0.0265 -0.0154 999.4921
-45.0578 29.9465 15.0039 0.0296 -0.0080 999.4921
-45.0578 29.9465 30.0039 0.0307 -0.0001 999.4921
-45.0578 29.9465 45.0039 0.0297 0.0078 999.4921
-45.0414 44.9314 -44.9943 0.0100 -0.0380 999.9143
-45.0414 44.9314 -29.9943 0.0195 -0.0341 999.9144
-45.0414 44.9314 -14.9943 0.0277 -0.0279 999.9143
-45.0414 44.9314 0.0057 0.0339 -0.0198 999.9144
-45.0414 44.9314 15.0057 0.0379 -0.0103 999.9143
-45.0414 44.9314 30.0057 0.0393 -0.0001 999.9144
-45.0414 44.9314 45.0057 0.0380 0.0100 999.9143
-30.0217 -44.9187 -44.9944 -0.0137 -0.0244 1001.4139
-30.0217 -44.9187 -29.9944 -0.0069 -0.0271 1001.4139
-30.0217 -44.9187 -14.9944 0.0003 -0.0280 1001.4139
-30.0217 -44.9187 0.0056 0.0076 -0.0270 1001.4139
-30.0217 -44.9187 15.0056 0.0143 -0.0241 1001.4139
-30.0217 -44.9187 30.0056 0.0200 -0.0196 1001.4139
-30.0217 -44.9187 45.0056 0.0244 -0.0137 1001.4140
-30.0359 -29.8991 -44.9972 -0.0094 -0.0300 1001.7555
-30.0359 -29.8991 -29.9972 -0.0013 -0.0314 1001.7555
-30.0359 -29.8991 -14.9972 0.0069 -0.0307 1001.7555
-30.0359 -29.8991 0.0028 0.0146 -0.0279 1001.7555
-30.0359 -29.8991 15.0028 0.0213 -0.0231 1001.7555
-30.0359 -29.8991 30.0028 0.0266 -0.0168 1001.7554
-30.0359 -29.8991 45.0028 0.0300 -0.0094 1001.7555
-30.1025 -14.8929 -44.9967 -0.0027 -0.0337 1000.5562
-30.1025 -14.8929 -29.9967 0.0062 -0.0333 1000.5563
-30.1025 -14.8929 -14.9967 0.0146 -0.0305 1000.5563
-30.1025 -14.8929 0.0033 0.0220 -0.0257 1000.5562
-30.1025 -14.8929 15.0033 0.0279 -0.0192 1000.5563
-30.1025 -14.8929 30.0033 0.0319 -0.0113 1000.5562
-30.1025 -14.8929 45.0033 0.0337 -0.0027 1000.5562
-30.0282 -0.0077 -44.9987 0.0005 -0.0019 999.4443
-30.0282 -0.0077 -29.9987 0.0010 -0.0017 999.4443
-30.0282 -0.0077 -14.9987 0.0014 -0.0014 999.4442
-30.0282 -0.0077 0.0013 0.0017 -0.0010 999.4443
-30.0282 -0.0077 15.0013 0.0019 -0.0005 999.4443
-30.0282 -0.0077 30.0013 0.0020 -0.0000 999.4442
-30.0282 -0.0077 45.0013 0.0019 0.0005 999.4443
-30.0830 14.9589 -44.9970 0.0023 -0.0194 999.4480
-30.0830 14.9589 -29.9970 0.0072 -0.0182 999.4479
-30.0830 14.9589 -14.9970 0.0117 -0.0157 999.4480
-30.0830 14.9589 0.0030 0.0153 -0.0121 999.4480
-30.0830 14.9589 15.0030 0.0180 -0.0077 999.4480
-30.0830 14.9589 30.0030 0.0193 -0.0028 999.4480
-30.0830 14.9589 45.0030 0.0194 0.0023 999.4479
-30.1319 29.8468 -44.9909 0.0069 -0.0535 999.2962
-30.1319 29.8468 -29.9908 0.0205 -0.0499 999.2962
-30.1319 29.8468 -14.9908 0.0327 -0.0429 999.2962
-30.1319 29.8468 0.0092 0.0427 -0.0330 999.2962
-30.1319 29.8468 15.0091 0.0498 -0.0208 999.2962
-30.1319 29.8468 30.0092 0.0535 -0.0072 999.2962
-30.1319 29.8468 45.0092 0.0535 0.0069 999.2962
-30.0555 44.8822 -44.9900 0.0049 -0.0473 999.9188
-30.0555 44.8822 -29.9900 0.0170 -0.0444 999.9188
-30.0555 44.8822 -14.9900 0.0279 -0.0385 999.9188
-30.0555 44.8822 0.0100 0.0369 -0.0300 999.9188
-30.0555 44.8822 15.0100 0.0434 -0.0194 999.9188
-30.0555 44.8822 30.0100 0.0469 -0.0075 999.9188
-30.0555 44.8822 45.0100 0.0473 0.0049 999.9189
-14.9848 -44.9986 -45.0018 -0.0059 -0.0073 1001.2739
-14.9848 -44.9986 -30.0018 -0.0038 -0.0086 1001.2739
-14.9848 -44.9986 -15.0018 -0.0015 -0.0092 1001.2740
-14.9848 -44.9986 -0.0018 0.0010 -0.0093 1001.2739
-14.9848 -44.9986 14.9982 0.0034 -0.0087 1001.2739
-14.9848 -44.9986 29.9982 0.0055 -0.0076 1001.2740
-14.9848 -44.9986 44.9982 0.0073 -0.0059 1001.2739
-14.9154 -30.0727 -45.0075 -0.0074 -0.0010 1002.6801
-14.9154 -30.0727 -30.0075 -0.0069 -0.0028 1002.6801
-14.9154 -30.0727 -15.0075 -0.0060 -0.0045 1002.6801
-14.9154 -30.0727 -0.0075 -0.0046 -0.0059 1002.6801
-14.9154 -30.0727 14.9925 -0.0029 -0.0069 1002.6801
-14.9154 -30.0727 29.9925 -0.0010 -0.0074 1002.6801
-14.9154 -30.0727 44.9925 0.0010 -0.0074 1002.6800
-14.8967 -14.9025 -45.0048 -0.0094 -0.0336 1004.3328
-14.8967 -14.9025 -30.0048 -0.0004 -0.0349 1004.3328
-14.8966 -14.9025 -15.0048 0.0087 -0.0338 1004.3328
-14.8967 -14.9025 -0.0048 0.0171 -0.0304 1004.3328
-14.8967 -14.9025 14.9952 0.0244 -0.0249 1004.3328
-14.8966 -14.9025 29.9952 0.0300 -0.0178 1004.3328
-14.8966 -14.9025 44.9952 0.0336 -0.0094 1004.3327
-15.2084 -0.0336 -44.9957 0.0016 -0.0099 998.3960
-15.2084 -0.0335 -29.9957 0.0041 -0.0091 998.3961
-15.2084 -0.0335 -14.9957 0.0063 -0.0078 998.3961
-15.2084 -0.0335 0.0043 0.0081 -0.0059 998.3962
-15.2084 -0.0335 15.0043 0.0093 -0.0036 998.3960
-15.2084 -0.0335 30.0043 0.0100 -0.0010 998.3960
-15.2084 -0.0336 45.0043 0.0099 0.0016 998.3960
-15.5682 14.5028 -44.9844 0.0042 -0.0970 998.6459
-15.5682 14.5028 -29.9844 0.0291 -0.0926 998.6460
-15.5682 14.5028 -14.9844 0.0521 -0.0819 998.6460
-15.5682 14.5029 0.0156 0.0716 -0.0656 998.6459
-15.5682 14.5028 15.0156 0.0861 -0.0449 998.6459
-15.5682 14.5028 30.0156 0.0948 -0.0211 998.6459
-15.5682 14.5028 45.0156 0.0970 0.0042 998.6459
-15.2257 29.5161 -44.9783 0.0026 -0.0995 999.3949
-15.2257 29.5161 -29.9783 0.0283 -0.0954 999.3949
-15.2257 29.5161 -14.9783 0.0520 -0.0848 999.3949
-15.2257 29.5161 0.0217 0.0722 -0.0685 999.3949
-15.2257 29.5161 15.0217 0.0875 -0.0474 999.3948
-15.2257 29.5161 30.0217 0.0967 -0.0232 999.3949
-15.2257 29.5161 45.0217 0.0995 0.0026 999.3948
-15.0390 44.8247 -44.9854 -0.0017 -0.0493 999.8668
-15.0390 44.8247 -29.9854 0.0111 -0.0481 999.8668
-15.0390 44.8247 -14.9854 0.0232 -0.0436 999.8667
-15.0390 44.8247 0.0146 0.0337 -0.0361 999.8667
-15.0390 44.8247 15.0146 0.0419 -0.0261 999.8668
-15.0390 44.8247 30.0146 0.0472 -0.0144 999.8667
-15.0390 44.8247 45.0146 0.0493 -0.0017 999.8668
0.0119 -45.0885 -45.0091 0.0002 0.0197 1000.4969
0.0119 -45.0885 -30.0091 -0.0049 0.0190 1000.4970
0.0119 -45.0885 -15.0091 -0.0097 0.0171 1000.4969
0.0119 -45.0885 -0.0091 -0.0138 0.0140 1000.4969
0.0119 -45.0885 14.9909 -0.0169 0.0100 1000.4970
0.0119 -45.0885 29.9909 -0.0189 0.0053 1000.4970
0.0119 -45.0885 44.9909 -0.0197 0.0002 1000.4968
0.0296 -30.4403 -45.0207 -0.0033 0.0645 1001.0575
0.0296 -30.4403 -30.0207 -0.0199 0.0615 1001.0574
0.0296 -30.4403 -15.0207 -0.0351 0.0543 1001.0574
0.0296 -30.4403 -0.0207 -0.0479 0.0433 1001.0574
0.0296 -30.4403 14.9793 -0.0575 0.0294 1001.0575
0.0296 -30.4403 29.9793 -0.0632 0.0135 1001.0575
0.0296 -30.4403 44.9793 -0.0645 -0.0033 1001.0574
0.1037 -17.4620 -45.0507 -0.0155 0.1868 1002.6690
0.1037 -17.4620 -30.0507 -0.0634 0.1764 1002.6690
0.1037 -17.4620 -15.0507 -0.1068 0.1540 1002.6691
0.1037 -17.4620 -0.0507 -0.1430 0.1211 1002.6691
0.1037 -17.4620 14.9493 -0.1695 0.0799 1002.6691
0.1037 -17.4620 29.9493 -0.1844 0.0333 1002.6691
0.1037 -17.4620 44.9493 -0.1868 -0.0155 1002.6690
-2.1611 0.0791 -44.9977 0.0003 -0.0138 999.4459
-0.7416 0.2628 -30.0000 0.0006 -0.0036 1000.1405
-1.9304 0.3065 -14.9988 0.0077 -0.0146 1000.0929
-1.6124 0.2665 0.0008 0.0079 -0.0086 1000.0849
0.2253 1.7545 14.9989 -0.0107 0.0066 999.5565
-2.1211 0.0710 30.0023 0.0128 -0.0031 999.4499
-0.3368 -2.2974 44.9983 -0.0226 0.0008 999.1224
0.6551 9.0819 -44.9119 0.0169 -0.2746 991.9828
0.6551 9.0820 -29.9119 0.0874 -0.2609 991.9828
0.6551 9.0819 -14.9119 0.1520 -0.2294 991.9828
0.6551 9.0819 0.0881 0.2061 -0.1822 991.9828
0.6551 9.0819 15.0881 0.2463 -0.1227 991.9828
0.6551 9.0819 30.0881 0.2696 -0.0547 991.9828
0.6551 9.0820 45.0881 0.2746 0.0169 991.9828
0.0479 29.2566 -44.9693 -0.0031 -0.0931 998.3785
0.0479 29.2566 -29.9693 0.0211 -0.0908 998.3785
0.0479 29.2566 -14.9693 0.0438 -0.0822 998.3786
0.0479 29.2566 0.0307 0.0636 -0.0681 998.3785
0.0479 29.2566 15.0307 0.0791 -0.0493 998.3785
0.0479 29.2566 30.0307 0.0891 -0.0271 998.3785
0.0479 29.2566 45.0307 0.0931 -0.0031 998.3785
0.0182 44.8553 -44.9871 -0.0041 -0.0263 999.3048
0.0182 44.8553 -29.9871 0.0028 -0.0265 999.3049
0.0182 44.8552 -14.9871 0.0096 -0.0249 999.3049
0.0182 44.8553 0.0129 0.0157 -0.0215 999.3048
0.0182 44.8553 15.0129 0.0207 -0.0168 999.3048
0.0182 44.8553 30.0129 0.0244 -0.0108 999.3049
0.0182 44.8553 45.0129 0.0263 -0.0041 999.3048
14.9757 -45.1091 -45.0106 -0.0003 0.0368 999.9492
14.9757 -45.1091 -30.0107 -0.0098 0.0355 999.9492
14.9757 -45.1091 -15.0107 -0.0186 0.0317 999.9493
14.9757 -45.1091 -0.0107 -0.0262 0.0258 999.9492
14.9757 -45.1091 14.9893 -0.0320 0.0182 999.9493
14.9757 -45.1091 29.9893 -0.0356 0.0093 999.9492
14.9757 -45.1091 44.9893 -0.0368 -0.0003 999.9492
14.8500 -30.3261 -45.0164 -0.0048 0.0760 1000.2979
14.8500 -30.3261 -30.0164 -0.0243 0.0722 1000.2979
14.8500 -30.3261 -15.0164 -0.0421 0.0634 1000.2979
14.8500 -30.3261 -0.0164 -0.0571 0.0504 1000.2979
14.8500 -30.3261 14.9836 -0.0682 0.0339 1000.2979
14.8500 -30.3261 29.9836 -0.0747 0.0151 1000.2979
14.8500 -30.3261 44.9836 -0.0760 -0.0048 1000.2979
14.5410 -15.4258 -45.0138 -0.0050 0.0852 1001.0444
14.5410 -15.4258 -30.0138 -0.0269 0.0810 1001.0445
14.5410 -15.4258 -15.0138 -0.0469 0.0713 1001.0444
14.5410 -15.4258 -0.0138 -0.0638 0.0567 1001.0444
14.5410 -15.4258 14.9862 -0.0763 0.0383 1001.0444
14.5410 -15.4258 29.9862 -0.0836 0.0172 1001.0444
14.5410 -15.4258 44.9862 -0.0852 -0.0050 1001.0444
14.9342 -0.0521 -45.0020 -0.0021 -0.0052 1001.2556
14.9341 -0.0521 -30.0020 -0.0007 -0.0056 1001.2557
14.9341 -0.0521 -15.0020 0.0008 -0.0056 1001.2557
14.9341 -0.0521 -0.0020 0.0022 -0.0052 1001.2557
14.9342 -0.0521 14.9980 0.0034 -0.0044 1001.2556
14.9342 -0.0521 29.9980 0.0045 -0.0034 1001.2556
14.9342 -0.0521 44.9980 0.0052 -0.0021 1001.2556
14.9210 15.1906 -45.0022 0.0021 0.0374 998.8034
14.9210 15.1906 -30.0022 -0.0076 0.0367 998.8034
14.9210 15.1906 -15.0022 -0.0169 0.0335 998.8034
14.9210 15.1907 -0.0022 -0.0250 0.0280 998.8034
14.9210 15.1906 14.9978 -0.0314 0.0206 998.8035
14.9210 15.1906 29.9978 -0.0356 0.0117 998.8035
14.9210 15.1906 44.9978 -0.0374 0.0021 998.8034
15.0748 29.9613 -44.9943 0.0030 0.0120 997.6398
15.0748 29.9613 -29.9943 -0.0002 0.0124 997.6397
15.0748 29.9613 -14.9943 -0.0034 0.0119 997.6397
15.0748 29.9613 0.0057 -0.0064 0.0106 997.6397
15.0748 29.9613 15.0057 -0.0089 0.0086 997.6398
15.0748 29.9613 30.0057 -0.0108 0.0060 997.6397
15.0748 29.9613 45.0057 -0.0120 0.0030 997.6397
15.0219 45.0020 -44.9973 0.0030 0.0112 998.7327
15.0219 45.0020 -29.9973 0.0000 0.0116 998.7327
15.0219 45.0020 -14.9973 -0.0030 0.0112 998.7327
15.0219 45.0020 0.0027 -0.0058 0.0100 998.7326
15.0219 45.0020 15.0027 -0.0082 0.0082 998.7327
15.0219 45.0020 30.0027 -0.0100 0.0058 998.7327
15.0219 45.0020 45.0027 -0.0112 0.0030 998.7327
29.9638 -45.0759 -45.0078 -0.0043 0.0367 999.8968
29.9638 -45.0759 -30.0078 -0.0136 0.0343 999.8967
29.9638 -45.0759 -15.0078 -0.0221 0.0296 999.8966
29.9638 -45.0759 -0.0078 -0.0290 0.0229 999.8967
29.9638 -45.0759 14.9922 -0.0339 0.0146 999.8967
29.9638 -45.0759 29.9922 -0.0366 0.0054 999.8967
29.9638 -45.0759 44.9922 -0.0367 -0.0043 999.8967
29.9031 -30.1100 -45.0074 -0.0068 0.0445 1000.4729
29.9031 -30.1100 -30.0074 -0.0180 0.0412 1000.4729
29.9031 -30.1100 -15.0074 -0.0281 0.0351 1000.4729
29.9031 -30.1100 -0.0074 -0.0362 0.0267 1000.4729
29.9031 -30.1100 14.9926 -0.0419 0.0164 1000.4729
29.9031 -30.1100 29.9926 -0.0447 0.0050 1000.4730
29.9031 -30.1100 44.9926 -0.0445 -0.0068 1000.4729
29.9316 -15.0326 -45.0025 -0.0026 0.0173 1000.4946
29.9316 -15.0326 -30.0025 -0.0070 0.0160 1000.4946
29.9316 -15.0326 -15.0025 -0.0109 0.0136 1000.4946
29.9316 -15.0326 -0.0025 -0.0140 0.0104 1000.4947
29.9316 -15.0326 14.9975 -0.0162 0.0064 1000.4946
29.9316 -15.0326 29.9975 -0.0173 0.0020 1000.4946
29.9316 -15.0326 44.9975 -0.0173 -0.0026 1000.4946
29.9829 -0.0081 -45.0007 -0.0009 -0.0006 1000.4885
29.9829 -0.0081 -30.0007 -0.0007 -0.0007 1000.4884
29.9829 -0.0082 -15.0007 -0.0005 -0.0009 1000.4884
29.9829 -0.0081 -0.0007 -0.0002 -0.0010 1000.4885
29.9829 -0.0081 14.9993 0.0000 -0.0010 1000.4884
29.9829 -0.0081 29.9993 0.0003 -0.0010 1000.4884
29.9829 -0.0081 44.9993 0.0006 -0.0009 1000.4884
29.9026 15.0834 -45.0034 -0.0004 0.0250 1000.5004
29.9026 15.0834 -30.0034 -0.0069 0.0240 1000.5005
29.9026 15.0834 -15.0034 -0.0129 0.0214 1000.5005
29.9026 15.0834 -0.0034 -0.0180 0.0174 1000.5005
29.9026 15.0834 14.9966 -0.0219 0.0121 1000.5005
29.9026 15.0834 29.9966 -0.0243 0.0061 1000.5005
29.9026 15.0834 44.9966 -0.0250 -0.0004 1000.5004
29.9470 30.1219 -45.0037 0.0049 0.0340 999.2597
29.9470 30.1219 -30.0037 -0.0041 0.0341 999.2597
29.9470 30.1219 -15.0037 -0.0127 0.0319 999.2596
29.9470 30.1219 -0.0037 -0.0206 0.0275 999.2596
29.9470 30.1219 14.9963 -0.0270 0.0212 999.2596
29.9470 30.1219 29.9963 -0.0315 0.0135 999.2596
29.9470 30.1219 44.9963 -0.0340 0.0049 999.2597
29.9742 45.1060 -45.0054 0.0111 0.0304 999.0485
29.9742 45.1060 -30.0054 0.0029 0.0323 999.0485
29.9742 45.1060 -15.0054 -0.0056 0.0319 999.0485
29.9742 45.1060 -0.0054 -0.0136 0.0294 999.0485
29.9742 45.1060 14.9946 -0.0208 0.0248 999.0484
29.9742 45.1060 29.9946 -0.0265 0.0186 999.0485
29.9742 45.1060 44.9946 -0.0304 0.0111 999.0486
44.9730 -45.0440 -45.0046 -0.0078 0.0297 999.9394
44.9730 -45.0440 -30.0046 -0.0152 0.0267 999.9394
44.9731 -45.0440 -15.0046 -0.0216 0.0219 999.9393
44.9730 -45.0440 -0.0046 -0.0265 0.0155 999.9393
44.9730 -45.0440 14.9954 -0.0296 0.0081 999.9393
44.9730 -45.0440 29.9954 -0.0307 0.0002 999.9393
44.9730 -45.0440 44.9954 -0.0297 -0.0078 999.9394
44.9582 -30.0370 -45.0031 -0.0069 0.0245 1000.3683
44.9582 -30.0370 -30.0031 -0.0130 0.0219 1000.3682
44.9582 -30.0370 -15.0031 -0.0182 0.0178 1000.3682
44.9582 -30.0370 -0.0031 -0.0222 0.0125 1000.3682
44.9582 -30.0370 14.9969 -0.0247 0.0063 1000.3683
44.9582 -30.0370 29.9969 -0.0255 -0.0003 1000.3683
44.9582 -30.0370 44.9969 -0.0245 -0.0069 1000.3683
44.9816 -15.0060 -45.0008 -0.0019 0.0071 1000.2255
44.9816 -15.0060 -30.0008 -0.0037 0.0064 1000.2255
44.9816 -15.0060 -15.0008 -0.0052 0.0052 1000.2255
44.9816 -15.0060 -0.0008 -0.0064 0.0037 1000.2255
44.9816 -15.0060 14.9992 -0.0071 0.0019 1000.2255
44.9816 -15.0060 29.9992 -0.0074 0.0000 1000.2255
44.9816 -15.0060 44.9992 -0.0071 -0.0019 1000.2255
44.9884 0.0021 -45.0004 -0.0008 0.0036 1000.1615
44.9884 0.0021 -30.0004 -0.0017 0.0032 1000.1615
44.9884 0.0021 -15.0004 -0.0025 0.0027 1000.1614
44.9884 0.0021 -0.0004 -0.0031 0.0020 1000.1614
44.9884 0.0021 14.9996 -0.0035 0.0011 1000.1614
44.9884 0.0021 29.9996 -0.0036 0.0002 1000.1615
44.9884 0.0021 44.9996 -0.0036 -0.0008 1000.1615
44.9463 15.0461 -45.0022 -0.0017 0.0195 1000.4510
44.9463 15.0461 -30.0022 -0.0067 0.0184 1000.4510
44.9463 15.0461 -15.0022 -0.0112 0.0161 1000.4511
44.9463 15.0461 -0.0022 -0.0150 0.0126 1000.4510
44.9463 15.0461 14.9978 -0.0178 0.0083 1000.4510
44.9463 15.0461 29.9978 -0.0193 0.0034 1000.4510
44.9463 15.0461 44.9978 -0.0195 -0.0017 1000.4510
44.9310 30.1152 -45.0046 0.0034 0.0326 1000.1581
44.9310 30.1153 -30.0046 -0.0052 0.0324 1000.1581
44.9310 30.1152 -15.0046 -0.0134 0.0300 1000.1581
44.9310 30.1153 -0.0046 -0.0207 0.0255 1000.1580
44.9310 30.1152 14.9954 -0.0265 0.0193 1000.1581
44.9310 30.1152 29.9954 -0.0306 0.0117 1000.1581
44.9310 30.1152 44.9954 -0.0326 0.0034 1000.1581
44.9483 45.1400 -45.0077 0.0144 0.0319 999.6855
44.9483 45.1400 -30.0077 0.0056 0.0346 999.6855
44.9483 45.1400 -15.0077 -0.0035 0.0348 999.6855
44.9483 45.1400 -0.0077 -0.0124 0.0327 999.6855
44.9483 45.1400 14.9923 -0.0205 0.0284 999.6854
44.9483 45.1400 29.9923 -0.0271 0.0221 999.6855
44.9483 45.1400 44.9923 -0.0319 0.0144 999.6855
