15.000000 15.000000 0.000000
15.000000 -15.000000 0.000000
-15.000000 -15.000000 0.000000
-15.000000 15.000000 0.000000
30.000000 30.000000 0.000000
30.000000 -30.000000 0.000000
-30.000000 -30.000000 0.000000
-30.000000 30.000000 0.000000
45.000000 45.000000 0.000000
45.000000 -45.000000 0.000000
-45.000000 -45.000000 0.000000
-45.000000 45.000000 0.000000
205.000000 15.000000 0.000000
205.000000 -15.000000 0.000000
175.000000 -15.000000 0.000000
175.000000 15.000000 0.000000
220.000000 30.000000 0.000000
220.000000 -30.000000 0.000000
160.000000 -30.000000 0.000000
160.000000 30.000000 0.000000
235.000000 45.000000 0.000000
235.000000 -45.000000 0.000000
145.000000 -45.000000 0.000000
145.000000 45.000000 0.000000
15.000000 115.000000 0.000000
15.000000 85.000000 0.000000
-15.000000 85.000000 0.000000
-15.000000 115.000000 0.000000
30.000000 130.000000 0.000000
30.000000 70.000000 0.000000
-30.000000 70.000000 0.000000
-30.000000 130.000000 0.000000
45.000000 145.000000 0.000000
45.000000 55.000000 0.000000
-45.000000 55.000000 0.000000
-45.000000 145.000000 0.000000
